26 0.38515625 0.578125 0.1375 0.08046875
8 0.753125 0.60390625 0.18671875 0.09296875
6 0.546875 0.61484375 0.22890625 0.07265625
16 0.73125 0.90234375 0.18828125 0.10390625
17 0.40390625 0.909375 0.175 0.07734375
7 0.5859375 0.2109375 0.08203125 0.04921875
23 0.39375 0.215625 0.16875 0.0546875
14 0.71640625 0.2171875 0.1015625 0.05625
19 0.80234375 0.221875 0.14375 0.04375
5 0.40234375 0.41796875 0.1625 0.05625
18 0.75 0.42890625 0.059375 0.11796875
29 0.56796875 0.44453125 0.1390625 0.07578125
28 0.41015625 0.459375 0.2765625 0.07578125