17 0.38984375 0.47578125 0.19921875 0.0375
8 0.753125 0.6015625 0.203125 0.09765625
16 0.52265625 0.60859375 0.1703125 0.05625
20 0.38203125 0.81484375 0.09609375 0.15234375
20 0.4859375 0.82578125 0.09609375 0.1703125
21 0.74609375 0.8640625 0.1390625 0.11796875
15 0.61484375 0.875 0.1796875 0.125
3 0.3984375 0.90546875 0.115625 0.06640625
19 0.390625 0.2265625 0.15625 0.03515625
27 0.44765625 0.41640625 0.11328125 0.13828125
25 0.76953125 0.42265625 0.18671875 0.1421875
26 0.646875 0.44921875 0.1484375 0.09296875