7 0.42578125 0.59140625 0.1265625 0.05078125
28 0.7671875 0.596875 0.1859375 0.096875
21 0.59765625 0.60078125 0.14296875 0.08046875
4 0.43359375 0.87578125 0.159375 0.08046875
2 0.6734375 0.87578125 0.26484375 0.10390625
13 0.7984375 0.190625 0.15859375 0.103125
23 0.4296875 0.21015625 0.178125 0.06796875
24 0.65390625 0.2328125 0.18671875 0.03203125
18 0.75 0.41640625 0.059375 0.09140625
11 0.58671875 0.44765625 0.07890625 0.07265625
25 0.7046875 0.45546875 0.2953125 0.06640625
1 0.4234375 0.45703125 0.21640625 0.06171875