22 0.371875 0.58671875 0.1421875 0.096875
5 0.525 0.59296875 0.16875 0.096875
7 0.69609375 0.60234375 0.14453125 0.06171875
19 0.7171875 0.871875 0.06015625 0.0375
19 0.80625 0.88359375 0.0921875 0.08046875
29 0.4 0.884375 0.18046875 0.0828125
0 0.6078125 0.88984375 0.0984375 0.103125
0 0.7484375 0.90859375 0.08828125 0.06875
8 0.771875 0.2015625 0.228125 0.08046875
3 0.35625 0.22421875 0.128125 0.0328125
24 0.5203125 0.2296875 0.14375 0.03984375
26 0.37421875 0.440625 0.1328125 0.09140625
14 0.684375 0.45390625 0.10078125 0.05703125
11 0.79375 0.45625 0.0796875 0.06640625
23 0.53203125 0.46484375 0.15390625 0.06796875