18 0.46640625 0.56875 0.05703125 0.12109375
8 0.75 0.60390625 0.2046875 0.09921875
3 0.37265625 0.62421875 0.140625 0.04921875
25 0.78828125 0.8546875 0.15390625 0.221875
15 0.5140625 0.875 0.19609375 0.10390625
17 0.41015625 0.90234375 0.21015625 0.07890625
26 0.37109375 0.203125 0.1640625 0.0859375
7 0.58125 0.2125 0.0796875 0.04765625
14 0.7140625 0.2171875 0.09296875 0.05234375
19 0.79765625 0.22265625 0.153125 0.03515625
5 0.40078125 0.42265625 0.178125 0.065625
29 0.565625 0.446875 0.14140625 0.06796875
23 0.75 0.45625 0.175 0.06640625
28 0.40703125 0.46015625 0.28515625 0.07734375