1 0.4203125 0.5859375 0.1375 0.09921875
8 0.753125 0.603125 0.203125 0.090625
29 0.56015625 0.6046875 0.1578125 0.08515625
11 0.34453125 0.61953125 0.08828125 0.06640625
22 0.746875 0.8609375 0.13203125 0.11171875
23 0.42421875 0.86171875 0.2328125 0.06328125
26 0.3703125 0.92265625 0.18203125 0.10390625
17 0.5875 0.95 0.190625 0.09453125
7 0.5421875 0.21015625 0.08046875 0.0546875
14 0.696875 0.21171875 0.1046875 0.04765625
19 0.7890625 0.221875 0.13203125 0.034375
24 0.36796875 0.22890625 0.13984375 0.03515625
18 0.746875 0.41484375 0.06640625 0.0875
27 0.55390625 0.41875 0.11484375 0.13203125
15 0.7671875 0.44609375 0.21328125 0.08984375
5 0.41640625 0.45 0.18203125 0.09453125
28 0.60859375 0.4640625 0.07734375 0.05234375