15 0.640625 0.553125 0.246875 0.075
25 0.62734375 0.590625 0.24453125 0.09453125
24 0.3140625 0.6 0.12578125 0.04140625
22 0.2890625 0.87109375 0.12109375 0.0953125
3 0.45 0.8765625 0.15859375 0.05625
18 0.43671875 0.19609375 0.053125 0.1015625
26 0.2859375 0.20546875 0.16328125 0.07578125
29 0.54609375 0.21015625 0.1609375 0.07109375
1 0.6703125 0.2171875 0.1359375 0.0578125
13 0.29921875 0.434375 0.1046875 0.1
21 0.434375 0.440625 0.13359375 0.0828125
5 0.6875 0.4453125 0.203125 0.09765625
11 0.5328125 0.46015625 0.0796875 0.06328125