24 0.334375 0.46875 0.1234375 0.0390625
27 0.73984375 0.5671875 0.10703125 0.13125
13 0.33671875 0.58125 0.109375 0.11953125
21 0.459375 0.58671875 0.12734375 0.08515625
29 0.6109375 0.61015625 0.15703125 0.08515625
5 0.68671875 0.8296875 0.15234375 0.10234375
1 0.5546875 0.875 0.18671875 0.09921875
2 0.37734375 0.8875 0.184375 0.0953125
6 0.759375 0.90390625 0.19375 0.1046875
20 0.51875 0.159375 0.10546875 0.178125
27 0.375 0.18125 0.12109375 0.12578125
22 0.67578125 0.19296875 0.18515625 0.10234375
11 0.39609375 0.44921875 0.07109375 0.0609375
28 0.5125 0.45234375 0.20703125 0.07265625
23 0.728125 0.453125 0.17265625 0.071875