1 0.43828125 0.590625 0.14921875 0.10546875
8 0.7546875 0.6046875 0.2046875 0.0953125
29 0.56015625 0.6046875 0.14375 0.08984375
11 0.34453125 0.6171875 0.08359375 0.07109375
22 0.75390625 0.865625 0.14609375 0.11796875
23 0.44140625 0.86640625 0.23515625 0.06328125
26 0.37265625 0.92265625 0.16328125 0.10703125
17 0.59140625 0.94921875 0.2171875 0.08984375
7 0.5765625 0.21328125 0.08359375 0.053125
14 0.71171875 0.21875 0.115625 0.05234375
19 0.7953125 0.22265625 0.1296875 0.04140625
18 0.74453125 0.409375 0.0546875 0.06640625
27 0.5515625 0.41484375 0.10625 0.13671875
15 0.76953125 0.45 0.2171875 0.090625
5 0.4171875 0.45078125 0.18828125 0.09140625
28 0.6078125 0.4640625 0.08671875 0.05703125