7 0.5234375 0.5984375 0.14140625 0.0578125
12 0.72734375 0.60078125 0.1390625 0.06953125
20 0.36796875 0.6015625 0.0984375 0.09453125
28 0.73984375 0.87890625 0.190625 0.11640625
23 0.58125 0.89453125 0.13515625 0.084375
0 0.3578125 0.9078125 0.10078125 0.065625
5 0.44140625 0.2015625 0.16796875 0.0875
29 0.6734375 0.21796875 0.1578125 0.05703125
3 0.79921875 0.2203125 0.171875 0.0453125
27 0.3875 0.409375 0.11015625 0.1265625
25 0.5796875 0.415625 0.2859375 0.1078125
16 0.74921875 0.46015625 0.284375 0.04765625