19 0.34765625 0.4671875 0.15625 0.05
27 0.7484375 0.5625 0.11015625 0.13671875
13 0.3375 0.58515625 0.13046875 0.10703125
7 0.5609375 0.59375 0.11328125 0.06875
20 0.64140625 0.8140625 0.0921875 0.15390625
18 0.3265625 0.84296875 0.05390625 0.09921875
2 0.5953125 0.90234375 0.2640625 0.07734375
23 0.36484375 0.9203125 0.1703125 0.12109375
3 0.75859375 0.95234375 0.17265625 0.07890625
13 0.33515625 0.17421875 0.17734375 0.14453125
26 0.48828125 0.20859375 0.1640625 0.07265625
29 0.73203125 0.2140625 0.1890625 0.06796875
5 0.734375 0.44609375 0.1734375 0.08671875
24 0.5703125 0.465625 0.12265625 0.0328125