22 0.5609375 0.4671875 0.08671875 0.05234375
13 0.41015625 0.56484375 0.1625 0.12890625
26 0.3609375 0.60234375 0.14453125 0.09765625
8 0.7640625 0.60703125 0.19609375 0.08515625
6 0.55234375 0.61328125 0.21875 0.06796875
1 0.78828125 0.87421875 0.175 0.1234375
17 0.40703125 0.90390625 0.18984375 0.0828125
11 0.6328125 0.91875 0.08671875 0.07734375
18 0.653125 0.1828125 0.07109375 0.11484375
5 0.384375 0.19765625 0.21171875 0.07578125
7 0.596875 0.21484375 0.1078125 0.0515625
3 0.76015625 0.22734375 0.1375 0.0296875
29 0.5546875 0.4453125 0.1453125 0.06796875
28 0.7203125 0.45859375 0.24140625 0.07421875
2 0.378125 0.4625 0.1921875 0.05390625