6 0.34453125 0.46796875 0.18359375 0.06171875
22 0.50859375 0.58671875 0.13125 0.09765625
5 0.728125 0.59296875 0.1765625 0.09921875
19 0.71640625 0.87265625 0.05546875 0.040625
0 0.60625 0.88203125 0.10625 0.10390625
29 0.40546875 0.8828125 0.184375 0.08046875
19 0.80390625 0.884375 0.08671875 0.078125
0 0.746875 0.909375 0.09296875 0.0640625
8 0.76640625 0.203125 0.21484375 0.08359375
3 0.35234375 0.22421875 0.13515625 0.03984375
24 0.51015625 0.2296875 0.1421875 0.034375
26 0.37734375 0.43671875 0.12109375 0.07265625
7 0.51484375 0.4515625 0.1078125 0.05625
14 0.68671875 0.453125 0.1078125 0.05703125
11 0.790625 0.45625 0.07890625 0.065625