10 0.81171875 0.471875 0.12734375 0.0328125
1 0.628125 0.5859375 0.103125 0.0875
12 0.4609375 0.5984375 0.0984375 0.06015625
0 0.809375 0.60546875 0.17109375 0.0890625
20 0.471875 0.8359375 0.10078125 0.1609375
23 0.79375 0.89375 0.1421875 0.10859375
15 0.61328125 0.90078125 0.221875 0.1046875
18 0.83671875 0.190625 0.0734375 0.10703125
29 0.6890625 0.209375 0.15625 0.06875
26 0.4078125 0.21171875 0.14765625 0.059375
4 0.5359375 0.21640625 0.13671875 0.05
27 0.67890625 0.41328125 0.10859375 0.13828125
25 0.4640625 0.44609375 0.2625 0.07109375