3 0.8109375 0.46875 0.13515625 0.0546875
12 0.7359375 0.59921875 0.12578125 0.05546875
7 0.534375 0.6 0.13125 0.0625
20 0.38359375 0.6015625 0.09375 0.09609375
25 0.67890625 0.80546875 0.25546875 0.10625
23 0.378125 0.88984375 0.1421875 0.0859375
2 0.74765625 0.90234375 0.2140625 0.10546875
24 0.56796875 0.9125 0.1609375 0.07578125
29 0.6984375 0.221875 0.13984375 0.0515625
19 0.39921875 0.22265625 0.1421875 0.040625
6 0.55703125 0.22734375 0.20078125 0.03515625
27 0.4 0.4125 0.11796875 0.12421875
16 0.625 0.46171875 0.18828125 0.05234375