27 0.75078125 0.5640625 0.1078125 0.1328125
13 0.33359375 0.58203125 0.11875 0.10703125
17 0.61171875 0.61796875 0.25703125 0.06171875
24 0.44453125 0.6265625 0.12890625 0.0421875
20 0.646875 0.81796875 0.09921875 0.15390625
18 0.32890625 0.84296875 0.053125 0.0984375
0 0.6328125 0.9203125 0.17734375 0.09375
23 0.36484375 0.925 0.1703125 0.12109375
13 0.33125 0.1765625 0.16953125 0.140625
29 0.7328125 0.21328125 0.20625 0.06796875
27 0.75625 0.421875 0.11640625 0.12421875
1 0.4078125 0.44609375 0.19296875 0.06328125
26 0.61796875 0.4484375 0.13984375 0.08046875