22 0.409375 0.58984375 0.14375 0.11484375
19 0.7375 0.59453125 0.10234375 0.06328125
5 0.5234375 0.8546875 0.184375 0.11953125
7 0.76015625 0.88515625 0.09140625 0.08125
3 0.36875 0.8890625 0.13359375 0.07265625
18 0.371875 0.19140625 0.06171875 0.096875
12 0.45859375 0.215625 0.11640625 0.046875
15 0.7078125 0.2203125 0.2453125 0.05859375
4 0.5078125 0.428125 0.15078125 0.08203125
28 0.37890625 0.440625 0.13671875 0.078125
23 0.61171875 0.44765625 0.1546875 0.07890625
9 0.78828125 0.4609375 0.2046875 0.0515625