10 0.65 0.4703125 0.11328125 0.03515625
13 0.41796875 0.56640625 0.12109375 0.115625
26 0.5484375 0.5796875 0.14921875 0.0625
9 0.72421875 0.61484375 0.2203125 0.046875
27 0.66484375 0.8234375 0.10234375 0.12421875
15 0.7796875 0.89921875 0.21875 0.1078125
6 0.4203125 0.9109375 0.2109375 0.06640625
5 0.596875 0.2015625 0.184375 0.0859375
23 0.76171875 0.2078125 0.153125 0.0671875
12 0.459375 0.21484375 0.128125 0.0484375
20 0.37421875 0.43984375 0.125 0.075
21 0.77578125 0.44921875 0.15703125 0.06796875
24 0.5171875 0.4625 0.15 0.04140625