24 0.3375 0.46796875 0.13046875 0.0375
27 0.6953125 0.565625 0.109375 0.13203125
13 0.3296875 0.59140625 0.1234375 0.12265625
21 0.45390625 0.59296875 0.13671875 0.09453125
29 0.60625 0.6078125 0.15625 0.0875
5 0.6875 0.825 0.15625 0.0890625
2 0.38359375 0.8890625 0.19765625 0.1
25 0.54140625 0.89140625 0.27421875 0.13828125
6 0.75703125 0.90078125 0.19453125 0.10703125
27 0.58984375 0.184375 0.115625 0.121875
8 0.75078125 0.20703125 0.20703125 0.07734375
26 0.37265625 0.20859375 0.16796875 0.07890625
18 0.3515625 0.42265625 0.05390625 0.10234375
28 0.5140625 0.45 0.21015625 0.07421875
23 0.7328125 0.4546875 0.1640625 0.0703125