1 0.43125 0.5890625 0.1734375 0.09609375
8 0.75546875 0.60546875 0.20078125 0.0953125
29 0.5578125 0.60546875 0.15625 0.0875
11 0.34765625 0.62578125 0.0921875 0.07890625
22 0.7703125 0.85625 0.12421875 0.1109375
26 0.5140625 0.87421875 0.128125 0.09453125
23 0.6484375 0.87578125 0.1296875 0.09765625
2 0.37578125 0.89296875 0.128125 0.06875
7 0.57578125 0.2125 0.0796875 0.046875
14 0.70859375 0.21640625 0.11328125 0.046875
19 0.803125 0.2234375 0.11484375 0.034375
5 0.39375 0.41015625 0.1921875 0.04375
18 0.7453125 0.41640625 0.05859375 0.08515625
15 0.78984375 0.45546875 0.16796875 0.10078125
6 0.6203125 0.45703125 0.190625 0.0609375
28 0.4 0.46015625 0.2625 0.078125