27 0.7484375 0.56484375 0.1078125 0.13203125
13 0.32734375 0.58671875 0.1375 0.11640625
24 0.60390625 0.6140625 0.12578125 0.03984375
20 0.63984375 0.8109375 0.08828125 0.1546875
18 0.3265625 0.84296875 0.05234375 0.1
2 0.596875 0.90234375 0.26015625 0.078125
23 0.36484375 0.925 0.165625 0.12109375
13 0.32890625 0.17265625 0.15859375 0.15078125
5 0.49375 0.20390625 0.19375 0.078125
29 0.734375 0.2140625 0.19609375 0.06796875
7 0.68828125 0.4453125 0.11875 0.05703125
26 0.38984375 0.4484375 0.13984375 0.08046875