23 0.5125 0.590625 0.2453125 0.06171875
11 0.3515625 0.60625 0.0765625 0.06328125
6 0.74140625 0.61953125 0.23125 0.0640625
20 0.62109375 0.8171875 0.08828125 0.1515625
20 0.63203125 0.84453125 0.09375 0.159375
26 0.4859375 0.86796875 0.159375 0.0953125
19 0.3546875 0.88203125 0.11953125 0.08046875
27 0.38046875 0.175 0.10390625 0.1328125
13 0.79296875 0.1890625 0.11484375 0.11171875
29 0.53515625 0.21484375 0.175 0.0609375
25 0.41328125 0.44609375 0.275 0.08515625
2 0.690625 0.46171875 0.19296875 0.05078125