21 0.3984375 0.59375 0.13984375 0.07734375
7 0.58359375 0.5953125 0.13671875 0.06796875
28 0.76484375 0.5953125 0.16875 0.08984375
25 0.73515625 0.81875 0.21015625 0.1640625
4 0.3578125 0.86015625 0.12265625 0.11953125
2 0.53125 0.88515625 0.2546875 0.1171875
11 0.359375 0.21328125 0.096875 0.06875
23 0.47109375 0.2140625 0.18203125 0.0625
1 0.75703125 0.21640625 0.15625 0.06015625
24 0.63515625 0.2328125 0.16171875 0.028125
18 0.79296875 0.4328125 0.0671875 0.11171875
29 0.63125 0.446875 0.2109375 0.08984375