12 0.4203125 0.6 0.1390625 0.05859375
7 0.7296875 0.6046875 0.10234375 0.05234375
10 0.59453125 0.62421875 0.1296875 0.04609375
18 0.8296875 0.8890625 0.06953125 0.1171875
9 0.64375 0.89453125 0.28359375 0.07890625
1 0.38984375 0.91640625 0.2 0.096875
20 0.78984375 0.1546875 0.1015625 0.1828125
11 0.39765625 0.21328125 0.08671875 0.0640625
23 0.57734375 0.2140625 0.17890625 0.059375
27 0.72578125 0.42109375 0.11328125 0.13984375
21 0.59765625 0.440625 0.13359375 0.07578125
29 0.43828125 0.44375 0.1953125 0.0859375