24 0.5328125 0.47265625 0.1421875 0.0328125
22 0.3703125 0.5875 0.14375 0.09765625
7 0.7015625 0.60390625 0.1484375 0.05859375
8 0.54375 0.87890625 0.19140625 0.1109375
19 0.77578125 0.8828125 0.15 0.07734375
6 0.3828125 0.88671875 0.1921875 0.13125
27 0.7953125 0.171875 0.134375 0.13515625
26 0.6515625 0.19921875 0.15390625 0.08828125
1 0.375 0.21875 0.2140625 0.06953125
5 0.39140625 0.4390625 0.175 0.08515625
14 0.70859375 0.45390625 0.10625 0.06171875
11 0.79453125 0.45625 0.0796875 0.06640625