7 0.42578125 0.5921875 0.1265625 0.05078125
28 0.76015625 0.59609375 0.1671875 0.0921875
21 0.60078125 0.59921875 0.1421875 0.078125
10 0.4234375 0.6375 0.24453125 0.03515625
2 0.67734375 0.86640625 0.26875 0.08046875
4 0.4421875 0.86953125 0.16328125 0.078125
13 0.7984375 0.19296875 0.16484375 0.11015625
23 0.434375 0.21171875 0.1828125 0.06640625
24 0.65625 0.23203125 0.1796875 0.02578125
18 0.75234375 0.421875 0.059375 0.10625
11 0.5859375 0.4453125 0.07890625 0.06875
25 0.70546875 0.45390625 0.28984375 0.06796875
1 0.425 0.45546875 0.2125 0.0609375