13 0.47890625 0.56171875 0.1140625 0.11328125
23 0.57734375 0.596875 0.1890625 0.08984375
1 0.365625 0.60625 0.1640625 0.08359375
26 0.50390625 0.86328125 0.16796875 0.096875
19 0.3515625 0.88046875 0.12421875 0.08046875
2 0.753125 0.88515625 0.203125 0.0953125
27 0.38046875 0.17578125 0.10078125 0.13125
13 0.78671875 0.1921875 0.1296875 0.10859375
29 0.5359375 0.215625 0.1640625 0.06328125
20 0.59453125 0.39921875 0.11015625 0.1515625
25 0.415625 0.44921875 0.26484375 0.08125
15 0.68046875 0.46328125 0.25703125 0.06484375