5 0.62109375 0.56015625 0.15390625 0.05390625
26 0.4015625 0.57734375 0.15625 0.0703125
27 0.78828125 0.58359375 0.11328125 0.14296875
21 0.63828125 0.5984375 0.2015625 0.090625
3 0.43515625 0.62734375 0.14765625 0.05625
20 0.76015625 0.82109375 0.08671875 0.1609375
20 0.67734375 0.82109375 0.0953125 0.165625
24 0.565625 0.8609375 0.11875 0.05
8 0.775 0.92578125 0.20546875 0.128125
23 0.5453125 0.9265625 0.1703125 0.11484375
1 0.36796875 0.94375 0.18359375 0.09296875
25 0.37421875 0.18125 0.2453125 0.1171875
22 0.79609375 0.2 0.13046875 0.08984375
6 0.46953125 0.2140625 0.21875 0.0546875
29 0.653125 0.2140625 0.1578125 0.0625
13 0.64296875 0.42734375 0.1609375 0.09921875
0 0.39609375 0.43671875 0.15234375 0.05625
14 0.5265625 0.4546875 0.09375 0.05390625
7 0.42265625 0.45625 0.13515625 0.05703125