8 0.7296875 0.58984375 0.2171875 0.08984375
7 0.37265625 0.60078125 0.11171875 0.06796875
23 0.546875 0.6015625 0.15078125 0.06796875
20 0.596875 0.81875 0.103125 0.15
13 0.390625 0.8609375 0.15625 0.14296875
0 0.73046875 0.865625 0.1765625 0.09296875
1 0.54609375 0.9109375 0.2171875 0.0796875
20 0.7328125 0.17109375 0.09921875 0.1546875
27 0.34921875 0.175 0.09921875 0.12890625
6 0.503125 0.221875 0.221875 0.0515625
28 0.690625 0.45234375 0.07578125 0.05234375
26 0.3625 0.45390625 0.13828125 0.08046875
29 0.5609375 0.45625 0.21875 0.0703125