0 0.3953125 0.59453125 0.18046875 0.07109375
26 0.571875 0.59609375 0.13359375 0.07109375
9 0.7578125 0.61640625 0.1984375 0.0703125
5 0.73984375 0.865625 0.15703125 0.10859375
4 0.56328125 0.87890625 0.159375 0.08125
15 0.3953125 0.8921875 0.17890625 0.11015625
27 0.7796875 0.1734375 0.11484375 0.1421875
12 0.35234375 0.215625 0.11953125 0.04609375
29 0.5015625 0.21875 0.21171875 0.0484375
25 0.38828125 0.41015625 0.184375 0.15
18 0.53359375 0.41875 0.065625 0.1015625
22 0.75234375 0.4328125 0.18046875 0.10390625
28 0.58984375 0.446875 0.2359375 0.07578125