7 0.53046875 0.596875 0.1421875 0.05859375
20 0.38125 0.5984375 0.09765625 0.09453125
12 0.7296875 0.6 0.12578125 0.06640625
28 0.74296875 0.88046875 0.18828125 0.12421875
0 0.521875 0.8875 0.16953125 0.1
23 0.36875 0.89375 0.14453125 0.0859375
25 0.44140625 0.2125 0.23984375 0.06796875
29 0.68203125 0.21875 0.16015625 0.06015625
3 0.7984375 0.221875 0.16171875 0.04375
27 0.39609375 0.40859375 0.11328125 0.12109375
26 0.5046875 0.4546875 0.128125 0.06640625
16 0.69375 0.4609375 0.19921875 0.0546875