3 0.35703125 0.46796875 0.121875 0.05
17 0.75078125 0.46875 0.25546875 0.0453125
21 0.3609375 0.5984375 0.14453125 0.09453125
7 0.5375 0.59921875 0.13984375 0.05625
8 0.75 0.60390625 0.19765625 0.08828125
0 0.57890625 0.85546875 0.08203125 0.06171875
0 0.7171875 0.86875 0.1234375 0.08671875
19 0.34296875 0.878125 0.0765625 0.03984375
19 0.50859375 0.8828125 0.134375 0.08125
27 0.775 0.1796875 0.11796875 0.12578125
26 0.44140625 0.2078125 0.15078125 0.075
29 0.61953125 0.21328125 0.1640625 0.0703125
15 0.46953125 0.4453125 0.31015625 0.06640625