22 0.415625 0.58828125 0.14609375 0.11015625
19 0.73984375 0.59375 0.10390625 0.0640625
5 0.52578125 0.85546875 0.17734375 0.115625
7 0.7609375 0.8859375 0.08984375 0.08046875
3 0.371875 0.89140625 0.1375 0.07890625
18 0.375 0.19375 0.05703125 0.096875
12 0.4609375 0.215625 0.1125 0.0484375
15 0.715625 0.21953125 0.234375 0.04765625
4 0.51015625 0.42578125 0.15390625 0.084375
28 0.3796875 0.4421875 0.14375 0.08046875
23 0.6203125 0.44921875 0.15390625 0.07421875
9 0.7921875 0.4609375 0.2046875 0.046875