13 0.47578125 0.56015625 0.11171875 0.12578125
1 0.36640625 0.60703125 0.15859375 0.0859375
6 0.771875 0.61953125 0.1796875 0.07109375
26 0.50234375 0.86484375 0.1640625 0.09453125
19 0.35078125 0.88046875 0.121875 0.07890625
2 0.75234375 0.88515625 0.20703125 0.0953125
13 0.81328125 0.19140625 0.12421875 0.10390625
15 0.4140625 0.215625 0.25078125 0.0546875
20 0.5921875 0.3953125 0.10078125 0.14921875
25 0.4140625 0.44296875 0.234375 0.08359375
29 0.57109375 0.4625 0.1921875 0.07109375
16 0.753125 0.4625 0.1921875 0.05703125