2 0.37265625 0.46796875 0.20078125 0.05234375
8 0.7515625 0.603125 0.21328125 0.09296875
16 0.3703125 0.61875 0.19609375 0.06796875
17 0.56640625 0.6234375 0.2375 0.0421875
27 0.65859375 0.86015625 0.09765625 0.13828125
25 0.77109375 0.88203125 0.1890625 0.203125
15 0.6578125 0.20546875 0.2890625 0.08125
1 0.434375 0.2140625 0.184375 0.05546875
19 0.76796875 0.2234375 0.1453125 0.04375
18 0.35703125 0.41171875 0.0640625 0.08359375
26 0.58515625 0.4375 0.14296875 0.08828125
0 0.72109375 0.453125 0.14921875 0.0703125