25 0.3703125 0.575 0.18203125 0.1515625
22 0.52265625 0.58359375 0.14375 0.10625
19 0.696875 0.60078125 0.15234375 0.06484375
21 0.54921875 0.84765625 0.1703125 0.08515625
13 0.68046875 0.865625 0.146875 0.15546875
14 0.78671875 0.88359375 0.10703125 0.06328125
2 0.41171875 0.9109375 0.21953125 0.109375
27 0.36875 0.17734375 0.1078125 0.12734375
26 0.7625 0.20859375 0.13984375 0.07265625
15 0.56328125 0.2140625 0.29453125 0.0546875
3 0.7609375 0.4609375 0.15 0.05
17 0.54453125 0.46484375 0.22421875 0.03515625