13 0.4109375 0.56171875 0.15546875 0.1234375
8 0.7578125 0.6015625 0.2078125 0.09453125
6 0.55546875 0.6125 0.22421875 0.07578125
14 0.3609375 0.61328125 0.096875 0.06171875
1 0.78828125 0.87578125 0.17890625 0.13203125
17 0.41015625 0.90546875 0.18203125 0.07734375
11 0.63203125 0.91796875 0.078125 0.07890625
7 0.5890625 0.2125 0.09296875 0.05390625
3 0.75703125 0.22890625 0.1296875 0.02578125
5 0.403125 0.4203125 0.16015625 0.05703125
18 0.70625 0.43203125 0.0640625 0.10546875
29 0.565625 0.44375 0.14296875 0.07578125
23 0.4265625 0.46484375 0.25625 0.05859375