6 0.62109375 0.4734375 0.1140625 0.0328125
5 0.5859375 0.57734375 0.18203125 0.090625
1 0.45703125 0.57890625 0.165625 0.08125
11 0.715625 0.60546875 0.07890625 0.0640625
20 0.759375 0.828125 0.09921875 0.15625
20 0.80625 0.85 0.10078125 0.165625
23 0.61640625 0.88828125 0.20625 0.09765625
28 0.36328125 0.890625 0.1703125 0.121875
25 0.340625 0.1578125 0.19140625 0.1734375
7 0.5125 0.21484375 0.0890625 0.04921875
14 0.796875 0.21875 0.1125 0.0453125
24 0.6703125 0.23515625 0.13984375 0.0234375
15 0.78671875 0.42109375 0.1578125 0.13671875
18 0.3359375 0.43515625 0.0625 0.11484375
26 0.5765625 0.44140625 0.1296875 0.08203125
29 0.44140625 0.44765625 0.14921875 0.06796875
6 0.740625 0.45703125 0.1359375 0.065625