6 0.6265625 0.471875 0.1109375 0.034375
13 0.44609375 0.5625 0.146875 0.13671875
5 0.590625 0.57890625 0.178125 0.090625
8 0.690625 0.6015625 0.28203125 0.09296875
20 0.76328125 0.83046875 0.09921875 0.15859375
1 0.625 0.8515625 0.203125 0.096875
20 0.80546875 0.85234375 0.1046875 0.16328125
28 0.3703125 0.88359375 0.17578125 0.121875
25 0.3546875 0.1578125 0.1921875 0.1734375
27 0.5359375 0.17890625 0.12109375 0.128125
22 0.67109375 0.19921875 0.16171875 0.08671875
14 0.80625 0.21796875 0.109375 0.04453125
15 0.7875 0.41875 0.165625 0.146875
18 0.3390625 0.4359375 0.0640625 0.115625
26 0.57265625 0.4375 0.12890625 0.08828125
29 0.440625 0.44765625 0.14375 0.06640625
6 0.74140625 0.4609375 0.1328125 0.0703125