13 0.53984375 0.571875 0.13203125 0.1375
3 0.684375 0.59296875 0.15078125 0.0578125
5 0.3734375 0.5984375 0.1765625 0.0984375
0 0.77890625 0.85390625 0.090625 0.0734375
22 0.65546875 0.86015625 0.14375 0.12421875
1 0.51953125 0.88046875 0.19765625 0.109375
19 0.36875 0.88046875 0.153125 0.0796875
25 0.728125 0.2046875 0.25859375 0.0828125
29 0.3921875 0.20625 0.21171875 0.08671875
15 0.5453125 0.21796875 0.16328125 0.05703125
23 0.70859375 0.44765625 0.1328125 0.06640625
7 0.62734375 0.45625 0.16796875 0.071875
16 0.39765625 0.4640625 0.190625 0.0546875