6 0.61875 0.47265625 0.10625 0.03515625
13 0.42734375 0.5703125 0.14453125 0.12421875
5 0.578125 0.57421875 0.1484375 0.08984375
11 0.76796875 0.58828125 0.065625 0.06171875
21 0.6515625 0.59765625 0.21015625 0.08671875
24 0.40625 0.6234375 0.1703125 0.03046875
14 0.81953125 0.62421875 0.11484375 0.05859375
20 0.7609375 0.82734375 0.0921875 0.15859375
3 0.5515625 0.83046875 0.1046875 0.05703125
23 0.403125 0.84921875 0.14453125 0.08515625
20 0.80546875 0.853125 0.09765625 0.17109375
27 0.671875 0.8625 0.10625 0.13828125
16 0.525 0.90625 0.16953125 0.08046875
1 0.77578125 0.91953125 0.20703125 0.11875
19 0.3640625 0.925 0.14296875 0.07890625
25 0.34296875 0.15859375 0.1640625 0.1703125
27 0.7828125 0.1765625 0.10078125 0.12578125
22 0.66953125 0.18046875 0.1078125 0.0453125
18 0.83125 0.1859375 0.065625 0.1109375
28 0.66484375 0.20859375 0.2453125 0.0796875
29 0.4859375 0.2171875 0.15390625 0.05234375
15 0.7796875 0.4171875 0.153125 0.140625
0 0.403125 0.4390625 0.16640625 0.05703125
26 0.5671875 0.4390625 0.1296875 0.07265625
7 0.42265625 0.4546875 0.15 0.0578125
6 0.7453125 0.45859375 0.13515625 0.0640625