15 0.640625 0.55390625 0.24140625 0.07890625
21 0.31328125 0.59140625 0.1546875 0.09453125
25 0.63203125 0.5921875 0.23046875 0.08984375
17 0.459375 0.6015625 0.14921875 0.08359375
22 0.2890625 0.86953125 0.128125 0.1
3 0.4546875 0.87109375 0.1359375 0.0640625
16 0.675 0.87734375 0.21640625 0.0953125
18 0.44140625 0.19453125 0.059375 0.10390625
26 0.290625 0.2046875 0.14921875 0.07734375
29 0.54609375 0.2109375 0.1640625 0.07265625
1 0.67734375 0.2140625 0.13671875 0.0609375
8 0.32265625 0.41875 0.2203125 0.0828125
5 0.696875 0.45 0.1890625 0.09140625
24 0.4890625 0.4578125 0.140625 0.0390625