6 0.6234375 0.47421875 0.11171875 0.03515625
5 0.62890625 0.55625 0.1515625 0.0515625
26 0.40703125 0.571875 0.146875 0.065625
11 0.77109375 0.58828125 0.06953125 0.05390625
21 0.64296875 0.59765625 0.203125 0.09140625
24 0.4171875 0.62578125 0.16796875 0.0421875
14 0.81953125 0.62578125 0.12578125 0.05859375
20 0.68515625 0.81953125 0.09765625 0.15703125
3 0.53125 0.83125 0.103125 0.04921875
27 0.77890625 0.83203125 0.10078125 0.1109375
23 0.4015625 0.85 0.1421875 0.08984375
1 0.57578125 0.88515625 0.1859375 0.0875
8 0.76796875 0.91796875 0.21328125 0.11484375
19 0.36171875 0.928125 0.15390625 0.08125
17 0.55546875 0.95234375 0.19375 0.06796875
25 0.340625 0.1609375 0.175 0.17734375
22 0.66796875 0.17890625 0.11640625 0.05
27 0.7828125 0.18203125 0.0953125 0.128125
18 0.8328125 0.1890625 0.07109375 0.11640625
28 0.6609375 0.2078125 0.28046875 0.07734375
29 0.48203125 0.21328125 0.15703125 0.05390625
13 0.5125 0.4125 0.1390625 0.12890625
15 0.77578125 0.41796875 0.178125 0.15546875
13 0.6390625 0.42109375 0.14453125 0.08828125
0 0.3984375 0.44296875 0.17734375 0.05078125
7 0.4203125 0.45234375 0.1328125 0.05546875
6 0.74296875 0.46015625 0.12265625 0.06875