29 0.55546875 0.603125 0.159375 0.09453125
8 0.7515625 0.6046875 0.21328125 0.0921875
3 0.371875 0.621875 0.134375 0.046875
25 0.7875 0.8515625 0.15234375 0.22265625
21 0.65 0.86953125 0.13984375 0.10546875
7 0.5796875 0.2125 0.08359375 0.04921875
14 0.70625 0.21796875 0.1046875 0.04453125
19 0.7984375 0.221875 0.12734375 0.0375
18 0.7421875 0.41796875 0.06015625 0.090625
5 0.3953125 0.43828125 0.17109375 0.08671875
15 0.78671875 0.446875 0.16171875 0.07734375
6 0.61328125 0.4609375 0.190625 0.059375
28 0.4 0.46328125 0.24921875 0.07109375