2 0.57265625 0.471875 0.2171875 0.0515625
13 0.5765625 0.5890625 0.16328125 0.11171875
29 0.728125 0.59140625 0.1421875 0.0734375
25 0.396875 0.6078125 0.26015625 0.0734375
7 0.70234375 0.8875 0.11796875 0.07109375
24 0.428125 0.890625 0.1265625 0.05859375
27 0.3375 0.175 0.121875 0.1359375
27 0.58984375 0.18125 0.11484375 0.12109375
6 0.63125 0.21015625 0.29765625 0.06640625
0 0.45234375 0.215625 0.14921875 0.0609375
11 0.778125 0.2171875 0.08203125 0.053125
21 0.69921875 0.4359375 0.20078125 0.08046875
8 0.35703125 0.45 0.18984375 0.08671875