23 0.5109375 0.59296875 0.2421875 0.0703125
11 0.353125 0.60625 0.07578125 0.0640625
6 0.74296875 0.61953125 0.24140625 0.06171875
20 0.62421875 0.8234375 0.08828125 0.1703125
20 0.6296875 0.846875 0.0921875 0.15625
26 0.49453125 0.86484375 0.16015625 0.0921875
19 0.35625 0.88125 0.1234375 0.07890625
27 0.3828125 0.17734375 0.10078125 0.1328125
13 0.79296875 0.1921875 0.11875 0.10546875
29 0.5390625 0.21484375 0.16796875 0.0609375
25 0.4171875 0.44765625 0.26796875 0.08046875
15 0.69765625 0.4609375 0.23984375 0.06328125