8 0.76796875 0.5921875 0.2046875 0.10234375
2 0.571875 0.60703125 0.2 0.06875
10 0.3609375 0.6265625 0.12578125 0.05390625
5 0.56640625 0.8671875 0.1859375 0.11484375
16 0.40390625 0.878125 0.18203125 0.09765625
7 0.76015625 0.88515625 0.08828125 0.07890625
18 0.375 0.1921875 0.06484375 0.09375
22 0.7421875 0.196875 0.18828125 0.08515625
15 0.41953125 0.215625 0.278125 0.059375
12 0.76796875 0.21640625 0.16171875 0.0515625
4 0.77578125 0.45703125 0.1515625 0.06015625
9 0.61796875 0.46328125 0.1859375 0.04765625