26 0.38125 0.57578125 0.1234375 0.08515625
8 0.75625 0.603125 0.19453125 0.0953125
6 0.54765625 0.6125 0.23359375 0.08046875
1 0.78359375 0.87734375 0.1703125 0.13203125
17 0.40078125 0.9046875 0.18671875 0.08046875
11 0.63828125 0.91796875 0.0875 0.07890625
7 0.5859375 0.21328125 0.08515625 0.0515625
23 0.40234375 0.2140625 0.19375 0.05859375
14 0.71484375 0.2203125 0.11171875 0.04609375
19 0.8046875 0.22265625 0.125 0.0390625
5 0.39921875 0.41953125 0.178125 0.05859375
18 0.7515625 0.43203125 0.065625 0.12265625
29 0.565625 0.446875 0.1296875 0.07578125
28 0.40703125 0.46015625 0.278125 0.06796875