13 0.48125 0.56171875 0.13671875 0.11328125
3 0.3640625 0.6171875 0.13125 0.05703125
6 0.7703125 0.62109375 0.18359375 0.0734375
24 0.57734375 0.62265625 0.1390625 0.04765625
19 0.36328125 0.88125 0.146875 0.08046875
2 0.7515625 0.88515625 0.2 0.096875
1 0.58125 0.90546875 0.2078125 0.0875
13 0.809375 0.1921875 0.121875 0.1
15 0.41328125 0.22109375 0.2640625 0.05234375
20 0.5984375 0.39296875 0.1015625 0.146875
25 0.43359375 0.4421875 0.25390625 0.0875
29 0.56875 0.4609375 0.1921875 0.06640625
16 0.75234375 0.4625 0.19453125 0.0578125