6 0.62265625 0.4734375 0.1078125 0.03515625
13 0.44765625 0.54921875 0.13984375 0.11015625
5 0.590625 0.57890625 0.165625 0.0859375
11 0.7640625 0.5953125 0.078125 0.0625
8 0.4375 0.60625 0.284375 0.09921875
3 0.69453125 0.61328125 0.14453125 0.046875
20 0.76015625 0.82265625 0.10078125 0.14453125
27 0.65390625 0.83984375 0.10234375 0.128125
23 0.39921875 0.84453125 0.15859375 0.0609375
20 0.80625 0.853125 0.10625 0.1734375
1 0.765625 0.91875 0.1796875 0.1359375
28 0.3734375 0.92578125 0.18984375 0.1125
2 0.546875 0.92734375 0.13515625 0.0703125
25 0.353125 0.15625 0.18671875 0.184375
27 0.78046875 0.1828125 0.0890625 0.12421875
18 0.8328125 0.1890625 0.06796875 0.10703125
22 0.67421875 0.19765625 0.14453125 0.0984375
29 0.49296875 0.21484375 0.16484375 0.06328125
15 0.77734375 0.42421875 0.1625 0.14375
26 0.56796875 0.4390625 0.1140625 0.07734375
0 0.4046875 0.4453125 0.1796875 0.0609375
6 0.74921875 0.45859375 0.140625 0.065625
14 0.33828125 0.4625 0.09296875 0.059375