27 0.7484375 0.56484375 0.11015625 0.1328125
13 0.33203125 0.584375 0.1515625 0.12109375
24 0.603125 0.61484375 0.128125 0.04921875
20 0.64375 0.8109375 0.0921875 0.14765625
18 0.32734375 0.84453125 0.05390625 0.10390625
2 0.5984375 0.89921875 0.2671875 0.0765625
23 0.35859375 0.92265625 0.17265625 0.12109375
13 0.3296875 0.1765625 0.1609375 0.14921875
5 0.49375 0.20390625 0.19921875 0.07734375
0 0.61640625 0.2125 0.0984375 0.06796875
29 0.73984375 0.2140625 0.17890625 0.0640625
26 0.3890625 0.446875 0.13125 0.07734375
19 0.696875 0.45625 0.19921875 0.0453125
6 0.540625 0.45859375 0.20078125 0.06328125