27 0.7515625 0.56484375 0.1109375 0.1328125
13 0.33359375 0.58671875 0.1328125 0.12265625
25 0.528125 0.60234375 0.315625 0.10625
20 0.64453125 0.81640625 0.09765625 0.159375
18 0.3296875 0.84296875 0.0546875 0.09765625
7 0.60390625 0.91328125 0.14921875 0.08984375
13 0.328125 0.16484375 0.18125 0.14375
5 0.49296875 0.203125 0.2015625 0.07578125
0 0.6171875 0.21171875 0.27734375 0.06640625
29 0.784375 0.2203125 0.0921875 0.05
26 0.3875 0.4515625 0.13515625 0.08359375
19 0.69765625 0.45546875 0.20234375 0.04453125
6 0.540625 0.45859375 0.19765625 0.06640625