22 0.7734375 0.5921875 0.15390625 0.10859375
26 0.39765625 0.596875 0.1328125 0.08046875
21 0.56328125 0.60390625 0.15625 0.071875
4 0.4078125 0.86484375 0.16171875 0.08359375
9 0.7765625 0.8859375 0.2109375 0.1015625
11 0.5953125 0.88984375 0.08203125 0.07578125
15 0.45078125 0.215625 0.28515625 0.0640625
7 0.76953125 0.215625 0.08828125 0.04765625
20 0.4125 0.3984375 0.11875 0.1625
13 0.78515625 0.41875 0.1671875 0.13828125
28 0.41640625 0.45625 0.190625 0.06640625
12 0.61484375 0.45859375 0.1171875 0.06484375