3 0.7140625 0.46796875 0.1140625 0.04453125
13 0.4078125 0.56328125 0.16328125 0.11640625
8 0.76015625 0.60234375 0.19921875 0.09921875
6 0.55234375 0.61640625 0.21875 0.07578125
1 0.784375 0.875 0.17734375 0.11796875
17 0.425 0.90546875 0.19296875 0.08203125
11 0.63671875 0.915625 0.08984375 0.075
23 0.39609375 0.209375 0.1859375 0.075
7 0.584375 0.2125 0.0859375 0.05390625
14 0.70859375 0.22109375 0.090625 0.0515625
19 0.7984375 0.22421875 0.14609375 0.0421875
5 0.40078125 0.42421875 0.17109375 0.05625
29 0.565625 0.44453125 0.14140625 0.0734375
28 0.40703125 0.45625 0.28125 0.07734375