10 0.39609375 0.47265625 0.11875 0.0328125
23 0.490625 0.58203125 0.15234375 0.07578125
28 0.76328125 0.59453125 0.178125 0.09375
21 0.5890625 0.6015625 0.15703125 0.07734375
7 0.42109375 0.60546875 0.125 0.06328125
26 0.534375 0.85078125 0.14609375 0.0921875
15 0.71953125 0.87109375 0.25546875 0.10390625
4 0.39609375 0.87421875 0.1328125 0.0875
13 0.796875 0.19296875 0.10625 0.11171875
24 0.6796875 0.22890625 0.1390625 0.02734375
18 0.74765625 0.42109375 0.0578125 0.10234375
11 0.5765625 0.44609375 0.0765625 0.0671875
25 0.70234375 0.453125 0.28203125 0.06875