13 0.4703125 0.5609375 0.12890625 0.12109375
23 0.590625 0.60546875 0.17734375 0.08828125
1 0.365625 0.60625 0.1609375 0.08359375
26 0.5 0.8640625 0.16796875 0.0953125
19 0.35234375 0.88125 0.12109375 0.07734375
2 0.753125 0.884375 0.2046875 0.09453125
27 0.3796875 0.175 0.103125 0.13125
13 0.7984375 0.19296875 0.13984375 0.10078125
29 0.5328125 0.2140625 0.1734375 0.06328125
20 0.59140625 0.39921875 0.10703125 0.15234375
25 0.409375 0.45 0.2765625 0.08984375
11 0.728125 0.45625 0.0765625 0.0609375