10 0.49609375 0.46953125 0.19921875 0.034375
13 0.43046875 0.57265625 0.12109375 0.115625
9 0.58359375 0.60703125 0.1625 0.05234375
7 0.77109375 0.6078125 0.15 0.0515625
27 0.784375 0.85546875 0.11640625 0.1328125
15 0.665625 0.86484375 0.14765625 0.11484375
6 0.51328125 0.8703125 0.14375 0.0875
26 0.38515625 0.87421875 0.12734375 0.09453125
23 0.74765625 0.2078125 0.1921875 0.0671875
12 0.459375 0.21484375 0.128125 0.0484375
20 0.37421875 0.43984375 0.125 0.075
11 0.6859375 0.4453125 0.06953125 0.059375
21 0.78828125 0.45 0.13203125 0.06640625