7 0.74453125 0.59296875 0.078125 0.065625
12 0.6078125 0.5953125 0.10078125 0.05625
9 0.4359375 0.60625 0.26796875 0.06953125
5 0.75390625 0.8640625 0.16328125 0.10859375
8 0.55390625 0.871875 0.19765625 0.12421875
23 0.3734375 0.88828125 0.13828125 0.08359375
21 0.39140625 0.20703125 0.1515625 0.07265625
6 0.66328125 0.22578125 0.24765625 0.03359375
10 0.5140625 0.2375 0.121875 0.0140625
20 0.4203125 0.40625 0.09453125 0.16875
27 0.56484375 0.41484375 0.096875 0.1296875
19 0.71171875 0.44921875 0.2578125 0.04609375