27 0.75 0.56484375 0.11171875 0.1328125
13 0.34375 0.59609375 0.1234375 0.14140625
24 0.60546875 0.61484375 0.12265625 0.04609375
20 0.6421875 0.809375 0.10078125 0.14453125
18 0.328125 0.8453125 0.05234375 0.10390625
2 0.59765625 0.90390625 0.26484375 0.0796875
23 0.3640625 0.9234375 0.17265625 0.12265625
13 0.3296875 0.1796875 0.1609375 0.16171875
5 0.49296875 0.20390625 0.19296875 0.0765625
0 0.6203125 0.2125 0.28359375 0.06953125
29 0.7875 0.21875 0.10078125 0.0546875
26 0.3890625 0.44609375 0.14921875 0.0828125
19 0.69765625 0.45625 0.20234375 0.04609375
6 0.5421875 0.459375 0.1953125 0.06796875