10 0.5765625 0.47421875 0.1296875 0.0296875
13 0.43046875 0.57265625 0.12109375 0.115625
9 0.58359375 0.60703125 0.1625 0.05234375
7 0.77109375 0.6078125 0.15 0.0515625
27 0.784375 0.85546875 0.11640625 0.1328125
15 0.665625 0.86484375 0.14765625 0.11484375
6 0.51328125 0.8703125 0.14375 0.0875
26 0.38515625 0.87421875 0.12734375 0.09453125
21 0.46171875 0.20625 0.16328125 0.06796875
23 0.78984375 0.21484375 0.14375 0.05390625
29 0.5890625 0.21484375 0.1296875 0.05390625
20 0.690625 0.3984375 0.08046875 0.15
11 0.76875 0.44375 0.06953125 0.059375
12 0.41796875 0.45390625 0.1046875 0.05