17 0.73828125 0.46953125 0.20078125 0.03984375
7 0.53984375 0.596875 0.1421875 0.065625
8 0.75546875 0.6015625 0.20078125 0.09296875
20 0.378125 0.8109375 0.10078125 0.15
20 0.4859375 0.82578125 0.10703125 0.16328125
3 0.40390625 0.903125 0.11953125 0.06640625
25 0.6953125 0.92109375 0.38359375 0.146875
15 0.79921875 0.20234375 0.2109375 0.084375
19 0.39140625 0.228125 0.159375 0.04296875
27 0.4421875 0.41015625 0.10234375 0.140625
21 0.34921875 0.4484375 0.13984375 0.09140625
26 0.52734375 0.453125 0.146875 0.0875