19 0.734375 0.59296875 0.109375 0.06640625
0 0.53125 0.59453125 0.16328125 0.096875
5 0.51875 0.85390625 0.17578125 0.11171875
7 0.75703125 0.88359375 0.09140625 0.08359375
3 0.36953125 0.88984375 0.140625 0.07890625
26 0.7765625 0.21171875 0.1453125 0.05625
12 0.59453125 0.215625 0.1640625 0.04609375
10 0.37265625 0.23515625 0.11875 0.0125
4 0.50703125 0.428125 0.15390625 0.0828125
28 0.378125 0.43984375 0.13125 0.07890625
23 0.61875 0.4484375 0.15625 0.0765625
9 0.7984375 0.46171875 0.209375 0.0515625