21 0.44296875 0.590625 0.2328125 0.09296875
29 0.7359375 0.60234375 0.16796875 0.07890625
24 0.58828125 0.6265625 0.12734375 0.046875
18 0.6953125 0.8734375 0.07421875 0.11484375
3 0.534375 0.87578125 0.1359375 0.0640625
22 0.36484375 0.87890625 0.1203125 0.11015625
13 0.54609375 0.175 0.14921875 0.1453125
0 0.77109375 0.21328125 0.16953125 0.06328125
14 0.40625 0.21328125 0.1 0.0609375
11 0.6640625 0.21796875 0.08203125 0.0671875
26 0.621875 0.4390625 0.1609375 0.07890625
1 0.4375 0.45078125 0.21328125 0.0875