27 0.74921875 0.56484375 0.10625 0.13203125
13 0.3453125 0.5828125 0.128125 0.10546875
24 0.60390625 0.61484375 0.12578125 0.04765625
20 0.64296875 0.8109375 0.0953125 0.14921875
18 0.32890625 0.84296875 0.053125 0.1
2 0.59765625 0.90234375 0.2609375 0.07890625
23 0.3671875 0.9203125 0.165625 0.11171875
13 0.3328125 0.1734375 0.14921875 0.1484375
5 0.4953125 0.20390625 0.1921875 0.08046875
29 0.7328125 0.21328125 0.19765625 0.0703125
26 0.3828125 0.4453125 0.14296875 0.075
19 0.69296875 0.4546875 0.19296875 0.040625
6 0.540625 0.459375 0.1984375 0.06328125