3 0.47265625 0.4671875 0.1359375 0.05
6 0.61875 0.47265625 0.10703125 0.0359375
13 0.43984375 0.5484375 0.1421875 0.10546875
5 0.5890625 0.575 0.16953125 0.08125
11 0.76875 0.58671875 0.08046875 0.06875
8 0.44609375 0.60703125 0.27734375 0.10703125
16 0.709375 0.62109375 0.23984375 0.0546875
20 0.76015625 0.82578125 0.09765625 0.14921875
23 0.40703125 0.85078125 0.146875 0.08203125
28 0.5484375 0.853125 0.1421875 0.07578125
20 0.80625 0.85390625 0.10625 0.16875
27 0.671875 0.86328125 0.11328125 0.140625
1 0.76953125 0.91796875 0.209375 0.12109375
2 0.51328125 0.9328125 0.1328125 0.08125
19 0.3640625 0.934375 0.15 0.1015625
25 0.35078125 0.15546875 0.18046875 0.18203125
27 0.77890625 0.1765625 0.09375 0.12578125
18 0.82890625 0.18984375 0.0640625 0.11015625
22 0.6734375 0.1953125 0.13359375 0.08828125
29 0.4875 0.21484375 0.16796875 0.0609375
15 0.78359375 0.42578125 0.16171875 0.15234375
26 0.56953125 0.4390625 0.1296875 0.0703125
0 0.40703125 0.43984375 0.16640625 0.06484375
6 0.74296875 0.459375 0.1375 0.06875
14 0.33671875 0.4640625 0.09296875 0.05390625