7 0.58359375 0.590625 0.128125 0.05390625
12 0.75390625 0.5984375 0.10859375 0.0609375
9 0.4 0.60703125 0.18984375 0.0703125
5 0.5296875 0.8359375 0.1671875 0.11015625
8 0.7203125 0.87421875 0.28203125 0.12265625
23 0.38359375 0.8890625 0.134375 0.08046875
21 0.38984375 0.203125 0.15234375 0.0734375
6 0.7859375 0.228125 0.22890625 0.034375
10 0.5171875 0.2375 0.128125 0.01953125
20 0.4265625 0.40546875 0.09609375 0.1671875
27 0.56796875 0.4125 0.09921875 0.12890625
29 0.746875 0.4515625 0.1671875 0.07265625