29 0.72578125 0.58984375 0.14140625 0.08046875
13 0.5796875 0.59140625 0.16484375 0.10390625
25 0.40078125 0.6078125 0.259375 0.08359375
5 0.6875 0.82890625 0.14921875 0.1015625
2 0.3796875 0.8875 0.18359375 0.09609375
6 0.76328125 0.90390625 0.19296875 0.109375
27 0.58984375 0.1828125 0.11796875 0.121875
7 0.384375 0.2078125 0.15625 0.05390625
8 0.75546875 0.20859375 0.209375 0.0828125
18 0.3515625 0.421875 0.05703125 0.1015625
21 0.7109375 0.43828125 0.19765625 0.08671875
28 0.54375 0.44921875 0.22109375 0.0921875
11 0.753125 0.46171875 0.078125 0.06328125
24 0.3375 0.46484375 0.13515625 0.0375