2 0.37109375 0.46875 0.21015625 0.04921875
8 0.75703125 0.60390625 0.19921875 0.09921875
16 0.371875 0.615625 0.19765625 0.065625
17 0.565625 0.621875 0.2 0.05
27 0.6625 0.85625 0.10859375 0.13828125
25 0.7625 0.88203125 0.1875 0.20234375
26 0.4859375 0.8828125 0.13828125 0.1015625
3 0.3546875 0.90078125 0.11640625 0.0703125
15 0.63125 0.2125 0.22734375 0.06015625
1 0.42890625 0.21640625 0.16328125 0.0609375
19 0.7796875 0.22421875 0.1171875 0.0390625
18 0.35234375 0.41328125 0.06328125 0.07734375