13 0.4046875 0.56328125 0.15625 0.12265625
8 0.75546875 0.6046875 0.2046875 0.09453125
6 0.55234375 0.61171875 0.21875 0.07578125
14 0.3578125 0.6125 0.0953125 0.0609375
1 0.7859375 0.878125 0.1703125 0.13046875
17 0.4046875 0.90625 0.184375 0.08046875
11 0.63359375 0.915625 0.0828125 0.07109375
7 0.58828125 0.2125 0.09765625 0.04921875
3 0.75625 0.2296875 0.1265625 0.02578125
18 0.6953125 0.41640625 0.065625 0.078125
5 0.40078125 0.4265625 0.15546875 0.0515625
29 0.56015625 0.44609375 0.146875 0.06640625
28 0.7140625 0.4578125 0.25546875 0.07265625
23 0.434375 0.46484375 0.25390625 0.05625