27 0.73984375 0.56484375 0.109375 0.1328125
13 0.34140625 0.58203125 0.109375 0.12578125
22 0.4578125 0.6015625 0.15 0.1015625
29 0.609375 0.61171875 0.15390625 0.08515625
11 0.7515625 0.61796875 0.0796875 0.06640625
5 0.68515625 0.83046875 0.15234375 0.1015625
18 0.3359375 0.84375 0.05703125 0.09921875
1 0.55546875 0.87890625 0.17734375 0.09609375
17 0.3875 0.9390625 0.23125 0.09296875
20 0.51796875 0.16328125 0.10703125 0.18828125
27 0.37421875 0.1796875 0.1234375 0.128125
3 0.7359375 0.22265625 0.15234375 0.040625
28 0.51171875 0.45078125 0.20625 0.08359375
23 0.7296875 0.45234375 0.1703125 0.06640625
14 0.35390625 0.45859375 0.0921875 0.0546875