7 0.54296875 0.5953125 0.10625 0.0640625
20 0.36953125 0.5984375 0.09296875 0.09453125
12 0.7484375 0.5984375 0.153125 0.06484375
28 0.73984375 0.88046875 0.190625 0.11953125
23 0.58515625 0.89375 0.1328125 0.08203125
0 0.4203125 0.8984375 0.2046875 0.096875
5 0.50234375 0.20625 0.16953125 0.08359375
11 0.7953125 0.2140625 0.084375 0.06015625
3 0.375 0.2203125 0.12890625 0.0421875
27 0.3921875 0.40859375 0.11328125 0.121875
25 0.58515625 0.4234375 0.28515625 0.1015625
16 0.746875 0.46015625 0.28203125 0.05