27 0.75 0.565625 0.11015625 0.13125
13 0.32734375 0.5828125 0.1234375 0.13984375
17 0.61640625 0.6171875 0.24765625 0.0640625
24 0.44765625 0.625 0.121875 0.04765625
20 0.6453125 0.81875 0.09921875 0.15859375
18 0.3296875 0.84296875 0.05234375 0.09765625
0 0.62890625 0.9171875 0.17890625 0.0875
23 0.35625 0.92109375 0.16796875 0.11640625
13 0.33359375 0.17890625 0.1484375 0.1375
26 0.68671875 0.20859375 0.1640625 0.0734375
27 0.75703125 0.42265625 0.115625 0.1265625
28 0.4078125 0.440625 0.1171875 0.08203125