27 0.534375 0.5703125 0.10859375 0.13125
5 0.3734375 0.5984375 0.16953125 0.09453125
1 0.68046875 0.6125 0.19296875 0.06953125
22 0.68203125 0.8703125 0.13828125 0.12734375
21 0.54140625 0.8734375 0.13984375 0.11171875
0 0.7984375 0.87421875 0.128125 0.13125
19 0.3640625 0.88125 0.1375 0.0796875
29 0.39296875 0.2015625 0.19453125 0.07734375
25 0.72890625 0.20234375 0.246875 0.0828125
15 0.53828125 0.21484375 0.1703125 0.05859375
23 0.7203125 0.44921875 0.11875 0.05625
7 0.628125 0.4578125 0.14453125 0.059375
16 0.39609375 0.4625 0.1875 0.0546875