8 0.72890625 0.5875 0.215625 0.09296875
5 0.3890625 0.58984375 0.171875 0.090625
23 0.54375 0.60625 0.16328125 0.0703125
20 0.6625 0.81796875 0.0921875 0.1640625
24 0.7390625 0.91484375 0.1203125 0.06328125
27 0.346875 0.175 0.09765625 0.13046875
7 0.71953125 0.21015625 0.08671875 0.04296875
6 0.50859375 0.22265625 0.2265625 0.0515625
28 0.68515625 0.446875 0.06015625 0.0421875
28 0.7921875 0.45078125 0.125 0.07734375
26 0.38671875 0.45390625 0.13984375 0.07890625
15 0.57734375 0.46171875 0.253125 0.06328125