13 0.5453125 0.57421875 0.14609375 0.140625
5 0.3703125 0.59921875 0.1734375 0.09453125
6 0.77109375 0.6171875 0.178125 0.07578125
20 0.77265625 0.840625 0.09765625 0.175
22 0.64296875 0.86328125 0.13828125 0.12265625
1 0.51015625 0.87734375 0.1953125 0.109375
19 0.36640625 0.88046875 0.15625 0.08046875
25 0.71640625 0.20390625 0.278125 0.08359375
15 0.409375 0.2140625 0.2921875 0.059375
29 0.565625 0.45625 0.19921875 0.0703125
16 0.753125 0.46328125 0.19375 0.05625
17 0.38203125 0.465625 0.22421875 0.0421875