21 0.784375 0.5953125 0.14609375 0.09296875
1 0.64296875 0.61640625 0.1734375 0.07734375
17 0.4125 0.62421875 0.203125 0.05234375
19 0.71328125 0.8703125 0.0578125 0.04140625
19 0.8078125 0.88359375 0.090625 0.07890625
0 0.6125 0.88515625 0.1015625 0.10546875
25 0.42890625 0.896875 0.26640625 0.14296875
0 0.74453125 0.9125 0.08671875 0.06640625
22 0.7953125 0.19765625 0.13984375 0.0921875
6 0.659375 0.22265625 0.16328125 0.03984375
3 0.3546875 0.22421875 0.1328125 0.0375
24 0.5171875 0.22578125 0.128125 0.0296875
8 0.415625 0.44765625 0.27578125 0.08125
7 0.68671875 0.4578125 0.1046875 0.05703125