27 0.75 0.56328125 0.1125 0.13359375
13 0.31953125 0.58359375 0.1234375 0.12265625
17 0.615625 0.61875 0.25078125 0.06328125
24 0.440625 0.63125 0.13515625 0.0609375
20 0.64609375 0.81796875 0.08671875 0.16171875
18 0.32890625 0.84375 0.053125 0.10078125
22 0.4484375 0.85078125 0.190625 0.08828125
23 0.3671875 0.9203125 0.15703125 0.11015625
0 0.621875 0.9234375 0.175 0.090625
13 0.32421875 0.1703125 0.184375 0.14609375
26 0.68359375 0.20703125 0.1625 0.0640625
27 0.7546875 0.42109375 0.115625 0.125
28 0.4625 0.4421875 0.23671875 0.07265625