8 0.75234375 0.603125 0.2078125 0.0921875
29 0.56015625 0.60546875 0.1609375 0.09296875
3 0.37109375 0.6203125 0.12421875 0.04140625
25 0.7859375 0.85078125 0.15859375 0.22265625
21 0.66171875 0.86484375 0.1515625 0.09453125
17 0.409375 0.90859375 0.1796875 0.07890625
7 0.58125 0.2109375 0.08359375 0.05
14 0.71328125 0.21484375 0.1046875 0.04453125
19 0.80546875 0.2234375 0.12734375 0.04375
18 0.7421875 0.4109375 0.06171875 0.0734375
5 0.396875 0.42734375 0.18671875 0.07265625
15 0.7796875 0.44609375 0.190625 0.09140625
6 0.61796875 0.45703125 0.1890625 0.0609375
28 0.39609375 0.46015625 0.25625 0.08125