1 0.4265625 0.59609375 0.16796875 0.09765625
8 0.74921875 0.6046875 0.2046875 0.09453125
29 0.5578125 0.60703125 0.15625 0.08515625
22 0.75546875 0.8640625 0.146875 0.11875
23 0.48046875 0.865625 0.14921875 0.07421875
5 0.365625 0.90234375 0.17265625 0.12578125
25 0.37265625 0.18671875 0.2453125 0.1140625
14 0.690625 0.21796875 0.11484375 0.05703125
19 0.7953125 0.22109375 0.1359375 0.03515625
24 0.565625 0.2296875 0.13671875 0.02734375
18 0.359375 0.41875 0.06328125 0.10234375
26 0.58671875 0.43984375 0.13359375 0.08046875
0 0.7171875 0.453125 0.1546875 0.07265625
7 0.409375 0.45546875 0.12890625 0.059375