22 0.59765625 0.58828125 0.12734375 0.0875
11 0.42890625 0.6078125 0.08515625 0.071875
14 0.353125 0.6171875 0.09375 0.0640625
20 0.72890625 0.82578125 0.1046875 0.1703125
20 0.66328125 0.846875 0.0953125 0.16640625
3 0.53125 0.87734375 0.125 0.0671875
13 0.371875 0.87734375 0.11953125 0.1328125
13 0.53984375 0.178125 0.1453125 0.13515625
0 0.7625 0.21171875 0.18203125 0.0640625
24 0.36328125 0.22578125 0.134375 0.0375
26 0.63359375 0.4453125 0.175 0.07265625
7 0.44375 0.446875 0.13828125 0.059375