24 0.3734375 0.47109375 0.1421875 0.0390625
22 0.3671875 0.58359375 0.15078125 0.10859375
14 0.7421875 0.6140625 0.10859375 0.0625
16 0.55 0.61796875 0.190625 0.06953125
21 0.5765625 0.859375 0.2 0.08671875
13 0.58046875 0.878125 0.16328125 0.15546875
11 0.71015625 0.896875 0.075 0.07265625
15 0.36875 0.9203125 0.2046875 0.12265625
27 0.3734375 0.17734375 0.10625 0.12578125
26 0.7640625 0.21015625 0.1359375 0.06796875
1 0.58515625 0.21328125 0.1875 0.0546875
20 0.5734375 0.403125 0.09609375 0.16328125
3 0.76328125 0.46015625 0.1546875 0.04921875