8 0.72734375 0.590625 0.21484375 0.0953125
23 0.5390625 0.60625 0.1578125 0.07109375
24 0.39609375 0.61015625 0.11640625 0.05625
20 0.66328125 0.81796875 0.09375 0.16171875
11 0.35703125 0.86953125 0.0703125 0.06875
27 0.58359375 0.8765625 0.109375 0.14765625
18 0.37734375 0.89140625 0.05859375 0.10859375
27 0.4078125 0.178125 0.10703125 0.13046875
7 0.721875 0.21015625 0.08515625 0.03984375
28 0.690625 0.446875 0.0671875 0.0453125
28 0.79609375 0.45 0.115625 0.07734375
26 0.39296875 0.45234375 0.1453125 0.07890625
15 0.5859375 0.4609375 0.2515625 0.06328125