24 0.5140625 0.4671875 0.159375 0.03515625
15 0.6453125 0.55546875 0.246875 0.08515625
21 0.36953125 0.5921875 0.19375 0.09296875
25 0.62421875 0.5921875 0.27421875 0.09140625
22 0.2859375 0.86953125 0.12265625 0.09453125
3 0.45390625 0.8734375 0.14296875 0.065625
16 0.67109375 0.8765625 0.2046875 0.096875
18 0.43984375 0.1921875 0.06171875 0.10390625
26 0.284375 0.20078125 0.1609375 0.0703125
29 0.5453125 0.21015625 0.16328125 0.07734375
1 0.67421875 0.21640625 0.13046875 0.06015625
7 0.65859375 0.44140625 0.0875 0.0609375