8 0.76015625 0.596875 0.20703125 0.10234375
2 0.4671875 0.60703125 0.2765625 0.0609375
9 0.7328125 0.871875 0.234375 0.1
16 0.4015625 0.88046875 0.18203125 0.09765625
10 0.528125 0.8859375 0.103125 0.08046875
18 0.371875 0.1953125 0.059375 0.0953125
22 0.740625 0.19765625 0.190625 0.08203125
7 0.50859375 0.215625 0.08828125 0.05078125
12 0.76796875 0.215625 0.16171875 0.05
25 0.37265625 0.41796875 0.175 0.13984375
15 0.77421875 0.45703125 0.2328125 0.0625
4 0.55390625 0.4578125 0.14140625 0.0546875