27 0.7421875 0.5671875 0.11328125 0.13203125
13 0.325 0.5828125 0.1234375 0.11484375
1 0.6296875 0.6078125 0.2015625 0.0828125
24 0.44296875 0.62734375 0.134375 0.0453125
18 0.3296875 0.84296875 0.053125 0.09765625
22 0.44765625 0.85078125 0.18828125 0.0890625
11 0.69453125 0.86015625 0.0703125 0.06640625
3 0.56796875 0.9046875 0.1421875 0.08125
19 0.73671875 0.909375 0.15625 0.0875
17 0.38671875 0.93671875 0.2328125 0.0921875
13 0.33671875 0.1765625 0.1609375 0.14296875
23 0.7109375 0.21796875 0.16796875 0.05859375
20 0.3359375 0.409375 0.10078125 0.17265625
27 0.73046875 0.421875 0.115625 0.12734375
15 0.525 0.46484375 0.2453125 0.05703125