28 0.4296875 0.59765625 0.2453125 0.09375
4 0.69296875 0.6078125 0.19921875 0.06796875
26 0.4140625 0.8578125 0.1328125 0.07734375
9 0.57890625 0.875 0.19375 0.0984375
24 0.7890625 0.89296875 0.1546875 0.07109375
13 0.4125 0.17890625 0.13984375 0.1328125
7 0.75703125 0.19375 0.08125 0.0859375
20 0.50234375 0.3953125 0.08671875 0.14609375
27 0.39375 0.40625 0.12109375 0.1171875
15 0.7765625 0.4515625 0.18125 0.07890625
0 0.56484375 0.453125 0.19765625 0.07109375
16 0.37421875 0.4640625 0.19765625 0.059375