7 0.45546875 0.59375 0.08828125 0.05234375
23 0.78828125 0.6046875 0.190625 0.06875
24 0.6078125 0.609375 0.1390625 0.053125
12 0.41328125 0.8671875 0.1078125 0.0734375
9 0.76796875 0.87109375 0.1609375 0.08125
6 0.56953125 0.88671875 0.11015625 0.08671875
5 0.59921875 0.203125 0.196875 0.08046875
15 0.4203125 0.2078125 0.2234375 0.059375
21 0.79375 0.2109375 0.1671875 0.06640625
27 0.62578125 0.41171875 0.1140625 0.12890625
29 0.4328125 0.44609375 0.1375 0.06171875
11 0.76171875 0.45 0.08359375 0.0609375