1 0.425 0.5921875 0.16484375 0.0953125
8 0.75 0.60234375 0.21171875 0.09921875
29 0.559375 0.6046875 0.14921875 0.08515625
23 0.4859375 0.865625 0.1421875 0.07421875
5 0.36015625 0.90234375 0.17265625 0.1171875
25 0.37421875 0.1890625 0.25546875 0.1125
14 0.69296875 0.2171875 0.11953125 0.0546875
19 0.79453125 0.2234375 0.121875 0.04140625
24 0.5734375 0.22890625 0.128125 0.0296875
18 0.35625 0.4234375 0.06171875 0.10234375
26 0.58359375 0.43828125 0.13515625 0.07578125
0 0.7125 0.45390625 0.16328125 0.07109375
7 0.4078125 0.45390625 0.12578125 0.05703125