12 0.421875 0.6015625 0.14453125 0.05390625
7 0.73203125 0.6046875 0.0921875 0.05
10 0.5953125 0.62421875 0.13203125 0.04765625
18 0.82578125 0.88984375 0.071875 0.12109375
9 0.646875 0.89453125 0.271875 0.07890625
1 0.3953125 0.915625 0.2015625 0.10234375
20 0.7890625 0.16015625 0.10078125 0.17578125
23 0.5890625 0.21015625 0.14296875 0.06796875
11 0.4125 0.21875 0.0796875 0.0515625
27 0.72578125 0.41875 0.10078125 0.14453125
21 0.5953125 0.43671875 0.14296875 0.07890625
29 0.4359375 0.44375 0.19609375 0.0859375