0 0.56953125 0.57578125 0.07890625 0.0515625
15 0.41015625 0.6015625 0.2234375 0.078125
9 0.7796875 0.60859375 0.215625 0.075
1 0.45234375 0.871875 0.17890625 0.09609375
2 0.58125 0.89609375 0.2671875 0.0875
10 0.7921875 0.90078125 0.14140625 0.08359375
23 0.76640625 0.20859375 0.21171875 0.06953125
26 0.384375 0.21015625 0.14296875 0.06484375
7 0.546875 0.215625 0.1421875 0.05234375
8 0.75078125 0.43984375 0.1890625 0.08828125
4 0.409375 0.446875 0.165625 0.059375
12 0.53359375 0.45390625 0.13046875 0.0546875