3 0.71875 0.46953125 0.1234375 0.046875
13 0.41015625 0.56015625 0.15859375 0.12265625
8 0.75546875 0.60390625 0.1921875 0.09296875
6 0.55859375 0.6125 0.21328125 0.07734375
1 0.7890625 0.87578125 0.171875 0.11640625
17 0.4078125 0.9046875 0.1859375 0.07109375
11 0.63515625 0.91796875 0.08515625 0.07890625
14 0.715625 0.2140625 0.090625 0.05234375
7 0.58828125 0.21484375 0.0796875 0.0515625
19 0.79296875 0.22265625 0.1484375 0.03203125
25 0.4078125 0.40625 0.259375 0.16875
29 0.565625 0.44609375 0.14140625 0.0734375