0 0.5953125 0.59765625 0.20078125 0.090625
9 0.7734375 0.60859375 0.21875 0.075
16 0.40546875 0.609375 0.1890625 0.07109375
2 0.63203125 0.8859375 0.21015625 0.10390625
15 0.4078125 0.8875 0.21171875 0.121875
10 0.78671875 0.9 0.13203125 0.08515625
18 0.81953125 0.190625 0.065625 0.10390625
26 0.38671875 0.2078125 0.16015625 0.065625
11 0.73203125 0.215625 0.08671875 0.059375
7 0.575 0.21953125 0.1 0.0515625
8 0.78984375 0.44140625 0.19609375 0.09140625
4 0.5921875 0.44921875 0.17734375 0.05625
12 0.42421875 0.45703125 0.16015625 0.04921875