13 0.4046875 0.55546875 0.15625 0.12578125
26 0.35703125 0.60078125 0.13046875 0.09453125
8 0.75859375 0.60234375 0.19609375 0.10078125
6 0.55078125 0.6140625 0.22421875 0.07109375
1 0.78984375 0.87578125 0.165625 0.11953125
17 0.40234375 0.9046875 0.19375 0.08359375
11 0.6359375 0.9171875 0.0875 0.075
5 0.3875 0.19921875 0.19921875 0.08828125
7 0.590625 0.215625 0.10703125 0.05625
29 0.55546875 0.4453125 0.16328125 0.0734375
19 0.7109375 0.4625 0.25625 0.0609375
2 0.375 0.46328125 0.19765625 0.05390625