5 0.628125 0.5765625 0.165625 0.0921875
17 0.32265625 0.57734375 0.06796875 0.14453125
27 0.7921875 0.5859375 0.11484375 0.1421875
1 0.440625 0.590625 0.18359375 0.07578125
21 0.67265625 0.5921875 0.19609375 0.08671875
20 0.7640625 0.81796875 0.08359375 0.15390625
20 0.67109375 0.82109375 0.10234375 0.1640625
15 0.3984375 0.8625 0.209375 0.1203125
24 0.565625 0.875 0.1140625 0.06171875
0 0.74765625 0.8875 0.19609375 0.090625
25 0.3796875 0.18359375 0.2453125 0.12109375
22 0.79140625 0.19453125 0.12890625 0.096875
29 0.65625 0.2109375 0.1609375 0.065625
6 0.471875 0.221875 0.2171875 0.05390625
8 0.41328125 0.44921875 0.27109375 0.08046875
7 0.721875 0.45625 0.15 0.05859375