2 0.7390625 0.46640625 0.2265625 0.0515625
27 0.73984375 0.571875 0.10546875 0.14296875
13 0.328125 0.58359375 0.13515625 0.12265625
22 0.453125 0.60078125 0.153125 0.09921875
1 0.62578125 0.60703125 0.1984375 0.08125
11 0.75 0.6171875 0.07890625 0.0671875
18 0.33671875 0.84296875 0.05625 0.09921875
3 0.559375 0.8890625 0.1390625 0.07734375
19 0.7359375 0.90859375 0.15234375 0.08828125
17 0.38671875 0.93671875 0.2328125 0.09453125
24 0.65078125 0.96328125 0.17734375 0.06796875
20 0.52109375 0.16171875 0.11015625 0.18203125
27 0.375 0.18125 0.12265625 0.128125
23 0.6921875 0.21796875 0.17890625 0.06015625
28 0.55546875 0.45234375 0.1453125 0.07890625
14 0.35546875 0.45703125 0.0953125 0.05390625