22 0.36328125 0.5859375 0.13984375 0.096875
5 0.51953125 0.5953125 0.1703125 0.096875
7 0.69375 0.60390625 0.146875 0.0609375
1 0.38046875 0.87578125 0.14765625 0.08203125
19 0.775 0.88125 0.15 0.0828125
6 0.50546875 0.89140625 0.12421875 0.0921875
6 0.6609375 0.89921875 0.08828125 0.07890625
27 0.79609375 0.171875 0.13515625 0.13515625
24 0.51328125 0.228125 0.12578125 0.028125
8 0.3921875 0.44296875 0.2328125 0.08515625
14 0.7046875 0.45390625 0.1 0.05625
3 0.6078125 0.45859375 0.11484375 0.04453125
11 0.78984375 0.45859375 0.078125 0.06640625