13 0.40546875 0.55859375 0.16796875 0.11953125
8 0.75546875 0.603125 0.1890625 0.1
14 0.3640625 0.6109375 0.10234375 0.06640625
6 0.55234375 0.61328125 0.221875 0.075
1 0.78125 0.8765625 0.175 0.12421875
17 0.40546875 0.90546875 0.19609375 0.07890625
11 0.63203125 0.9171875 0.08046875 0.07734375
7 0.5875 0.2109375 0.09296875 0.05390625
3 0.75703125 0.2265625 0.12265625 0.03046875
25 0.40859375 0.415625 0.25390625 0.15703125
18 0.70703125 0.4328125 0.07109375 0.10703125
29 0.56484375 0.4453125 0.13515625 0.07734375