27 0.76953125 0.565625 0.1125 0.1328125
21 0.415625 0.58359375 0.14453125 0.08828125
5 0.58984375 0.5859375 0.16171875 0.0921875
20 0.66328125 0.80703125 0.0953125 0.13984375
11 0.35703125 0.86953125 0.071875 0.06796875
18 0.3765625 0.89140625 0.0578125 0.10859375
8 0.64765625 0.92265625 0.22421875 0.11953125
7 0.7203125 0.21015625 0.090625 0.0515625
3 0.509375 0.2234375 0.14453125 0.03515625
13 0.3921875 0.42265625 0.165625 0.13671875
26 0.5515625 0.446875 0.1359375 0.07890625
28 0.79140625 0.4515625 0.11640625 0.07109375
28 0.68046875 0.4546875 0.07421875 0.05625