12 0.57265625 0.60390625 0.1140625 0.05625
9 0.77890625 0.60625 0.21953125 0.071875
2 0.4 0.61328125 0.2046875 0.06796875
16 0.59453125 0.89453125 0.2625 0.07734375
10 0.78125 0.8984375 0.12890625 0.08046875
18 0.815625 0.19296875 0.07578125 0.1015625
26 0.38828125 0.2078125 0.1546875 0.06796875
11 0.72890625 0.215625 0.08125 0.05546875
7 0.57109375 0.21953125 0.0984375 0.046875
22 0.43984375 0.428125 0.12890625 0.10234375
8 0.7953125 0.440625 0.21171875 0.09140625
4 0.6 0.4546875 0.1375 0.0546875