0 0.39921875 0.59375 0.1828125 0.06953125
4 0.53828125 0.61328125 0.184375 0.06953125
10 0.73984375 0.6203125 0.1265625 0.05
7 0.39921875 0.87265625 0.1375 0.05703125
26 0.58984375 0.875 0.1203125 0.0796875
9 0.7671875 0.90546875 0.2109375 0.1046875
27 0.78125 0.17578125 0.11484375 0.1359375
29 0.50234375 0.21171875 0.21484375 0.06328125
12 0.35546875 0.215625 0.115625 0.04609375
25 0.390625 0.41328125 0.1890625 0.14609375
18 0.53359375 0.42109375 0.065625 0.103125
22 0.759375 0.43046875 0.18046875 0.10234375
28 0.590625 0.446875 0.22109375 0.075