22 0.36796875 0.5828125 0.146875 0.10546875
19 0.73515625 0.58984375 0.06015625 0.03828125
8 0.55625 0.6046875 0.203125 0.09921875
21 0.5734375 0.85 0.190625 0.08671875
13 0.58359375 0.87890625 0.14921875 0.15390625
11 0.384375 0.9140625 0.07890625 0.07578125
14 0.7265625 0.91640625 0.10625 0.06953125
27 0.37265625 0.17734375 0.1078125 0.128125
26 0.7640625 0.2078125 0.14296875 0.0703125
15 0.5609375 0.2140625 0.2609375 0.05859375
3 0.7640625 0.4609375 0.1484375 0.05
17 0.5484375 0.465625 0.221875 0.03671875