15 0.65 0.55 0.2625 0.08515625
21 0.3625 0.5875 0.2171875 0.08828125
25 0.63203125 0.59609375 0.23671875 0.08984375
22 0.2875 0.8703125 0.12734375 0.09921875
3 0.4484375 0.878125 0.14296875 0.0703125
16 0.68046875 0.878125 0.19921875 0.10234375
18 0.4375 0.19296875 0.065625 0.103125
26 0.2859375 0.2015625 0.16328125 0.07109375
29 0.54140625 0.21015625 0.16328125 0.07734375
1 0.6828125 0.215625 0.11953125 0.05390625
8 0.3171875 0.415625 0.21171875 0.08125
5 0.6890625 0.4453125 0.190625 0.09453125
24 0.4828125 0.45859375 0.13359375 0.0390625