24 0.5421875 0.471875 0.15078125 0.034375
22 0.37421875 0.5890625 0.1359375 0.09453125
8 0.75703125 0.60625 0.19765625 0.090625
3 0.5484375 0.62421875 0.12109375 0.05234375
6 0.37890625 0.8828125 0.17578125 0.12109375
19 0.51796875 0.884375 0.15859375 0.08046875
27 0.80625 0.175 0.12109375 0.14140625
26 0.64921875 0.20234375 0.14921875 0.08515625
1 0.3953125 0.2171875 0.21875 0.06171875
18 0.7125 0.43671875 0.065625 0.1125
5 0.396875 0.4390625 0.175 0.0875
14 0.70859375 0.45390625 0.09921875 0.04921875
11 0.79296875 0.46015625 0.0828125 0.06875