23 0.48046875 0.57890625 0.15546875 0.07265625
28 0.7609375 0.59453125 0.17421875 0.09453125
21 0.58671875 0.603125 0.153125 0.0765625
10 0.38125 0.62578125 0.109375 0.04921875
15 0.7140625 0.871875 0.259375 0.1
4 0.3984375 0.875 0.1359375 0.08671875
13 0.78203125 0.19921875 0.09921875 0.0921875
26 0.41484375 0.209375 0.184375 0.06328125
18 0.75 0.421875 0.06015625 0.1046875
11 0.57890625 0.4484375 0.07734375 0.071875
25 0.70234375 0.453125 0.3015625 0.07265625
24 0.425 0.46328125 0.1203125 0.03203125