22 0.3734375 0.58828125 0.13828125 0.0953125
8 0.75625 0.60625 0.2046875 0.0953125
3 0.54765625 0.6265625 0.12421875 0.0546875
28 0.6375 0.875 0.14140625 0.1140625
23 0.76328125 0.88125 0.15859375 0.10546875
19 0.50703125 0.88125 0.1484375 0.08828125
6 0.37578125 0.8859375 0.18515625 0.12109375
27 0.79765625 0.17734375 0.13203125 0.1453125
26 0.65703125 0.203125 0.16484375 0.08984375
7 0.396875 0.2109375 0.11171875 0.046875
15 0.4515625 0.44453125 0.2484375 0.096875
29 0.584375 0.45625 0.178125 0.06796875
14 0.71171875 0.45625 0.09765625 0.059375
11 0.79140625 0.45859375 0.078125 0.06796875