15 0.58203125 0.4671875 0.2921875 0.06171875
8 0.728125 0.58984375 0.21328125 0.09453125
23 0.53828125 0.60546875 0.16328125 0.07890625
24 0.39921875 0.61015625 0.1234375 0.0390625
20 0.66328125 0.81796875 0.08828125 0.1640625
11 0.3578125 0.86875 0.071875 0.06796875
27 0.5828125 0.87734375 0.11875 0.14609375
18 0.3765625 0.89140625 0.059375 0.10859375
7 0.7203125 0.2109375 0.08828125 0.046875
13 0.38515625 0.41796875 0.1421875 0.14921875
28 0.7890625 0.45234375 0.128125 0.0703125
28 0.678125 0.45390625 0.0765625 0.04453125