1 0.421875 0.58828125 0.16328125 0.09140625
29 0.5625 0.603125 0.15234375 0.096875
8 0.7515625 0.60390625 0.203125 0.08984375
11 0.35078125 0.6171875 0.08125 0.0703125
25 0.79453125 0.85 0.15546875 0.23359375
26 0.52109375 0.875 0.13515625 0.1046875
2 0.3671875 0.90078125 0.15390625 0.10546875
6 0.57421875 0.2125 0.084375 0.046875
14 0.7109375 0.2140625 0.1 0.05859375
19 0.80234375 0.2234375 0.1296875 0.0375
17 0.378125 0.23203125 0.221875 0.02578125
18 0.74609375 0.4171875 0.0640625 0.0921875
5 0.39296875 0.4203125 0.1765625 0.06796875
15 0.78046875 0.45 0.16953125 0.0890625
28 0.39453125 0.45703125 0.26015625 0.084375
6 0.61953125 0.45859375 0.19609375 0.06328125