28 0.4294241573033708 0.597714552238806 0.24508426966292135 0.09375
4 0.6931179775280899 0.6077425373134329 0.199438202247191 0.06809701492537314
26 0.4139747191011236 0.8577425373134329 0.1327247191011236 0.07742537313432836
9 0.5786516853932584 0.8752332089552238 0.19382022471910113 0.09841417910447761
24 0.7893258426966292 0.8929570895522388 0.1544943820224719 0.07136194029850747
13 0.4125702247191011 0.17887126865671643 0.13974719101123595 0.13292910447761194
7 0.7570224719101124 0.19379664179104478 0.08146067415730338 0.08628731343283583
20 0.5024578651685393 0.39505597014925375 0.08637640449438203 0.146455223880597
27 0.39396067415730335 0.4060167910447761 0.12078651685393259 0.11707089552238806
15 0.776685393258427 0.4517257462686567 0.18117977528089887 0.07882462686567164
0 0.5646067415730337 0.4533582089552239 0.19803370786516855 0.0708955223880597
16 0.37429775280898875 0.46431902985074625 0.19803370786516855 0.05923507462686567