15 0.6453651685393258 0.5524720149253731 0.2542134831460674 0.08348880597014925
21 0.3142556179775281 0.5865205223880597 0.14817415730337077 0.08348880597014925
17 0.4652387640449438 0.5991138059701493 0.17485955056179775 0.09188432835820895
25 0.6316713483146067 0.5995802238805971 0.2478932584269663 0.08628731343283583
3 0.4490870786516854 0.8722014925373134 0.13412921348314608 0.06529850746268656
22 0.28581460674157305 0.8724347014925373 0.1151685393258427 0.09654850746268656
16 0.6713483146067416 0.8766324626865671 0.1952247191011236 0.10587686567164178
18 0.4371488764044944 0.1912313432835821 0.05547752808988764 0.10634328358208955
26 0.29353932584269665 0.20172574626865672 0.15870786516853932 0.08069029850746269
29 0.5452949438202247 0.2115205223880597 0.16643258426966293 0.0732276119402985
1 0.6769662921348315 0.21338619402985073 0.15168539325842698 0.05457089552238806
8 0.32689606741573035 0.41651119402985076 0.20997191011235955 0.08395522388059702
5 0.6899578651685393 0.44822761194029853 0.2029494382022472 0.0914179104477612
24 0.48735955056179775 0.4603544776119403 0.125 0.033582089552238806