1 0.4220505617977528 0.5881529850746269 0.16292134831460675 0.0914179104477612
29 0.5628511235955056 0.6033115671641791 0.1523876404494382 0.09654850746268656
8 0.7517556179775281 0.6035447761194029 0.2029494382022472 0.08955223880597014
11 0.35042134831460675 0.6175373134328358 0.08146067415730338 0.06996268656716417
25 0.7945926966292135 0.8502798507462687 0.15519662921348315 0.2332089552238806
26 0.5210674157303371 0.8747667910447762 0.1348314606741573 0.10494402985074627
2 0.3669241573033708 0.9011194029850746 0.15379213483146068 0.10541044776119403
6 0.574438202247191 0.21222014925373134 0.08426966292134831 0.04664179104477612
14 0.7106741573033708 0.2140858208955224 0.0997191011235955 0.058768656716417914
19 0.8023174157303371 0.2234141791044776 0.12991573033707865 0.03731343283582089
17 0.3785112359550562 0.23180970149253732 0.22191011235955055 0.026119402985074626
18 0.7461376404494382 0.41721082089552236 0.06390449438202248 0.09188432835820895
5 0.3929073033707865 0.4204757462686567 0.17626404494382023 0.06763059701492537
15 0.7805477528089888 0.45032649253731344 0.16924157303370788 0.08908582089552239
28 0.3946629213483146 0.4568563432835821 0.2598314606741573 0.08442164179104478
6 0.6197331460674157 0.45825559701492535 0.19592696629213482 0.06296641791044776