13 0.4101123595505618 0.5648320895522388 0.1446629213483146 0.11940298507462686
8 0.7556179775280899 0.6035447761194029 0.19382022471910113 0.09421641791044776
21 0.36797752808988765 0.6128731343283582 0.17696629213483145 0.10727611940298508
6 0.5554775280898876 0.6140391791044776 0.22191011235955055 0.07602611940298508
13 0.629564606741573 0.855410447761194 0.14817415730337077 0.11287313432835822
1 0.7847612359550562 0.8780317164179104 0.15098314606741572 0.10867537313432836
17 0.4027387640449438 0.9053171641791045 0.19452247191011235 0.07929104477611941
7 0.5926966292134831 0.212919776119403 0.0997191011235955 0.049906716417910446
24 0.7798455056179775 0.2294776119402985 0.13974719101123595 0.027985074626865673
25 0.38026685393258425 0.4349347014925373 0.23665730337078653 0.12360074626865672
29 0.5575842696629213 0.44612873134328357 0.14887640449438203 0.07789179104477612
14 0.648876404494382 0.4496268656716418 0.0898876404494382 0.04757462686567164