25 0.37219101123595505 0.5755597014925373 0.17134831460674158 0.15485074626865672
22 0.5277387640449438 0.5839552238805971 0.14115168539325842 0.10541044776119403
19 0.7001404494382022 0.601445895522388 0.15168539325842698 0.06389925373134328
21 0.5811095505617978 0.8521455223880597 0.19592696629213482 0.10074626865671642
14 0.7900280898876404 0.8845615671641791 0.10814606741573034 0.06389925373134328
3 0.6457162921348315 0.918143656716418 0.13412921348314608 0.07882462686567164
27 0.3714887640449438 0.177705223880597 0.10955056179775281 0.1287313432835821
26 0.7556179775280899 0.21128731343283583 0.14325842696629212 0.06996268656716417
15 0.5660112359550562 0.2138526119402985 0.2640449438202247 0.06389925373134328
18 0.7563202247191011 0.4295708955223881 0.060393258426966294 0.10820895522388059
29 0.5582865168539326 0.45149253731343286 0.17134831460674158 0.06529850746268656