27 0.742626404494382 0.5659981343283582 0.11446629213483146 0.13199626865671643
13 0.33883426966292135 0.586054104477612 0.12429775280898876 0.10774253731343283
22 0.46032303370786515 0.601445895522388 0.1523876404494382 0.10027985074626866
29 0.6134129213483146 0.6089085820895522 0.14817415730337077 0.08628731343283583
11 0.7538623595505618 0.6180037313432836 0.07935393258426966 0.06623134328358209
5 0.6885533707865169 0.8299906716417911 0.1523876404494382 0.09934701492537314
1 0.5610955056179775 0.878731343283582 0.17415730337078653 0.09701492537313433
2 0.3809691011235955 0.8871268656716418 0.18328651685393257 0.09514925373134328
6 0.7626404494382022 0.9004197761194029 0.2148876404494382 0.10960820895522388
20 0.5280898876404494 0.15928171641791045 0.10533707865168539 0.17957089552238806
27 0.37745786516853935 0.18003731343283583 0.12570224719101122 0.125
3 0.7408707865168539 0.22318097014925373 0.1544943820224719 0.04057835820895522
28 0.5172050561797753 0.45032649253731344 0.20997191011235955 0.07229477611940298
23 0.7363061797752809 0.4528917910447761 0.16502808988764045 0.06996268656716417
14 0.35639044943820225 0.4591884328358209 0.09199438202247191 0.05363805970149254