26 0.39396067415730335 0.597714552238806 0.12078651685393259 0.07602611940298508
28 0.788623595505618 0.601679104477612 0.17134831460674158 0.06529850746268656
21 0.5586376404494382 0.6068097014925373 0.14817415730337077 0.07649253731343283
4 0.41116573033707865 0.871268656716418 0.16081460674157302 0.08861940298507463
22 0.6018258426966292 0.8796641791044776 0.18820224719101122 0.09981343283582089
9 0.7791432584269663 0.8824626865671642 0.17626404494382023 0.08861940298507463
13 0.44662921348314605 0.18516791044776118 0.125 0.13059701492537312
15 0.6151685393258427 0.21128731343283583 0.14325842696629212 0.0625
7 0.7668539325842697 0.21222014925373134 0.0997191011235955 0.04197761194029851
20 0.40098314606741575 0.4050839552238806 0.12219101123595505 0.16651119402985073
12 0.5544241573033708 0.4517257462686567 0.17626404494382023 0.05457089552238806
11 0.7015449438202247 0.45848880597014924 0.08707865168539326 0.06529850746268656