22 0.4157303370786517 0.5879197761194029 0.14606741573033707 0.11054104477611941
19 0.7394662921348315 0.59375 0.10393258426966293 0.06436567164179105
5 0.5256320224719101 0.855410447761194 0.1776685393258427 0.11567164179104478
7 0.7612359550561798 0.8861940298507462 0.0898876404494382 0.08022388059701492
3 0.3714887640449438 0.8913246268656716 0.13764044943820225 0.07929104477611941
18 0.3746488764044944 0.1935634328358209 0.05688202247191011 0.09701492537313433
12 0.4606741573033708 0.21548507462686567 0.11235955056179775 0.048507462686567165
15 0.7155898876404494 0.21944962686567165 0.2345505617977528 0.0480410447761194
4 0.5101825842696629 0.4256063432835821 0.15379213483146068 0.08442164179104478
28 0.37956460674157305 0.44239738805970147 0.14396067415730338 0.08069029850746269
23 0.620435393258427 0.44892723880597013 0.15379213483146068 0.07416044776119403
9 0.7921348314606742 0.4605876865671642 0.2050561797752809 0.04710820895522388