3 0.543188202247191 0.4673507462686567 0.11587078651685394 0.03544776119402985
10 0.6759129213483146 0.47294776119402987 0.12570224719101122 0.03731343283582089
7 0.5944522471910112 0.5909514925373134 0.1074438202247191 0.055970149253731345
26 0.41151685393258425 0.5981809701492538 0.12359550561797752 0.07416044776119403
12 0.78125 0.6058768656716418 0.10884831460674158 0.05317164179104478
8 0.4469803370786517 0.8551772388059702 0.21839887640449437 0.09468283582089553
2 0.7556179775280899 0.878731343283582 0.15589887640449437 0.07835820895522388
23 0.726123595505618 0.21361940298507462 0.20646067415730338 0.06343283582089553
20 0.7794943820224719 0.39972014925373134 0.10252808988764045 0.14458955223880596
20 0.382373595505618 0.4097481343283582 0.09480337078651685 0.16557835820895522
13 0.4434691011235955 0.4281716417910448 0.10603932584269662 0.11007462686567164
11 0.6049859550561798 0.44216417910447764 0.06530898876404495 0.05783582089552239