0 0.4392556179775281 0.5946828358208955 0.09058988764044944 0.06343283582089553
12 0.6007724719101124 0.5967817164179104 0.10603932584269662 0.05923507462686567
4 0.8061797752808989 0.5984141791044776 0.1502808988764045 0.0625
21 0.7131320224719101 0.8451492537313433 0.1327247191011236 0.08861940298507463
23 0.46875 0.855643656716418 0.1271067415730337 0.0732276119402985
13 0.8279494382022472 0.18889925373134328 0.10112359550561797 0.1044776119402985
18 0.6794241573033708 0.18936567164179105 0.07092696629213484 0.09981343283582089
28 0.5912921348314607 0.20662313432835822 0.11376404494382023 0.07742537313432836
29 0.4803370786516854 0.2080223880597015 0.1502808988764045 0.05317164179104478
27 0.7415730337078652 0.40718283582089554 0.11376404494382023 0.1333955223880597
27 0.43820224719101125 0.40951492537313433 0.10252808988764045 0.11007462686567164
11 0.4627808988764045 0.45382462686567165 0.08707865168539326 0.05317164179104478