6 0.6264044943820225 0.47201492537313433 0.11095505617977527 0.03451492537313433
13 0.44627808988764045 0.5622667910447762 0.14676966292134833 0.13666044776119404
5 0.5905898876404494 0.5785914179104478 0.17837078651685392 0.09095149253731344
8 0.6910112359550562 0.6012126865671642 0.28230337078651685 0.09328358208955224
20 0.7629915730337079 0.8302238805970149 0.09901685393258428 0.15858208955223882
1 0.6246488764044944 0.8519123134328358 0.2029494382022472 0.09654850746268656
20 0.8058286516853933 0.8526119402985075 0.10463483146067416 0.16324626865671643
28 0.37008426966292135 0.8836287313432836 0.175561797752809 0.12173507462686567
25 0.35463483146067415 0.15811567164179105 0.19241573033707865 0.17350746268656717
27 0.535814606741573 0.17863805970149255 0.12078651685393259 0.12779850746268656
22 0.6713483146067416 0.19916044776119404 0.16151685393258428 0.08675373134328358
14 0.8061797752808989 0.21805037313432835 0.10955056179775281 0.044309701492537316
15 0.7872191011235955 0.41861007462686567 0.16573033707865167 0.14692164179104478
18 0.33883426966292135 0.435634328358209 0.06390449438202248 0.11567164179104478
26 0.5723314606741573 0.4375 0.12921348314606743 0.08861940298507463
29 0.44066011235955055 0.44799440298507465 0.14396067415730338 0.06669776119402986
6 0.7412219101123596 0.4610541044776119 0.1327247191011236 0.07042910447761194