22 0.6046348314606742 0.5928171641791045 0.1348314606741573 0.09981343283582089
14 0.785814606741573 0.601679104477612 0.11095505617977527 0.0625
11 0.4311797752808989 0.6026119402985075 0.09410112359550561 0.06996268656716417
29 0.40344101123595505 0.878731343283582 0.15941011235955055 0.09888059701492537
3 0.5905898876404494 0.8894589552238806 0.16432584269662923 0.07462686567164178
27 0.35428370786516855 0.17234141791044777 0.1271067415730337 0.13386194029850745
0 0.7626404494382022 0.21128731343283583 0.18398876404494383 0.061567164179104475
24 0.6042837078651685 0.22411380597014927 0.14817415730337077 0.034981343283582086
1 0.7464887640449438 0.4519589552238806 0.1502808988764045 0.07182835820895522
26 0.6053370786516854 0.4528917910447761 0.15589887640449437 0.08208955223880597
7 0.4336376404494382 0.45405783582089554 0.13974719101123595 0.06856343283582089