23 0.5108848314606742 0.5928171641791045 0.2422752808988764 0.06996268656716417
11 0.3532303370786517 0.6065764925373134 0.07584269662921349 0.06389925373134328
6 0.7429775280898876 0.6198694029850746 0.24157303370786518 0.061567164179104475
20 0.6242977528089888 0.8234608208955224 0.08848314606741572 0.17024253731343283
20 0.629564606741573 0.8467817164179104 0.09199438202247191 0.15625
26 0.4943820224719101 0.8645055970149254 0.1601123595505618 0.09188432835820895
19 0.35603932584269665 0.8812966417910447 0.12359550561797752 0.07882462686567164
27 0.3827247191011236 0.17723880597014927 0.10112359550561797 0.13246268656716417
13 0.793188202247191 0.1921641791044776 0.11867977528089887 0.10541044776119403
29 0.5389747191011236 0.21455223880597016 0.1678370786516854 0.06063432835820896
25 0.41713483146067415 0.447294776119403 0.26825842696629215 0.08022388059701492
15 0.6976825842696629 0.4605876865671642 0.23946629213483145 0.06296641791044776