24 0.3342696629213483 0.4685167910447761 0.12359550561797752 0.03871268656716418
27 0.7394662921348315 0.5671641791044776 0.10674157303370786 0.13152985074626866
13 0.336376404494382 0.5816231343283582 0.10955056179775281 0.11940298507462686
21 0.45962078651685395 0.5865205223880597 0.1271067415730337 0.0853544776119403
29 0.6109550561797753 0.6103078358208955 0.15730337078651685 0.0853544776119403
5 0.6864466292134831 0.8299906716417911 0.1523876404494382 0.1021455223880597
1 0.5547752808988764 0.8752332089552238 0.18679775280898878 0.09934701492537314
2 0.37745786516853935 0.8873600746268657 0.18469101123595505 0.09561567164179105
6 0.7591292134831461 0.9036847014925373 0.19382022471910113 0.10494402985074627
20 0.5189606741573034 0.15951492537313433 0.10533707865168539 0.17817164179104478
27 0.375 0.18120335820895522 0.12078651685393259 0.12546641791044777
22 0.675561797752809 0.19263059701492538 0.1853932584269663 0.10261194029850747
11 0.39571629213483145 0.449160447761194 0.07092696629213484 0.06063432835820896
28 0.5122893258426966 0.45219216417910446 0.2071629213483146 0.07229477611940298
23 0.7282303370786517 0.4533582089552239 0.17275280898876405 0.07182835820895522