27 0.75 0.5634328358208955 0.11235955056179775 0.1333955223880597
13 0.31952247191011235 0.5837220149253731 0.12359550561797752 0.1226679104477612
17 0.6155196629213483 0.6187033582089553 0.25070224719101125 0.06296641791044776
24 0.44030898876404495 0.6315298507462687 0.1348314606741573 0.06063432835820896
20 0.6460674157303371 0.8178638059701493 0.08707865168539326 0.16184701492537312
18 0.32865168539325845 0.84375 0.05337078651685393 0.10074626865671642
22 0.44838483146067415 0.8507462686567164 0.19030898876404495 0.08861940298507463
23 0.3672752808988764 0.9204757462686567 0.15730337078651685 0.11054104477611941
0 0.6218398876404494 0.9237406716417911 0.17485955056179775 0.09095149253731344
13 0.324438202247191 0.17047574626865672 0.18398876404494383 0.14598880597014927
26 0.6836376404494382 0.2068563432835821 0.1622191011235955 0.06389925373134328
27 0.754564606741573 0.42117537313432835 0.11587078651685394 0.125
28 0.4624297752808989 0.44193097014925375 0.23665730337078653 0.07229477611940298