7 0.7412219101123596 0.5916511194029851 0.11025280898876405 0.06576492537313433
20 0.37219101123595505 0.5970149253731343 0.09550561797752809 0.09328358208955224
12 0.5259831460674157 0.5972481343283582 0.1348314606741573 0.05363805970149254
5 0.7559691011235955 0.8628731343283582 0.15941011235955055 0.10634328358208955
2 0.5509129213483146 0.8847947761194029 0.20575842696629212 0.10074626865671642
23 0.37254213483146065 0.8887593283582089 0.14536516853932585 0.08348880597014925
21 0.41327247191011235 0.21198694029850745 0.15660112359550563 0.06296641791044776
6 0.7612359550561798 0.2199160447761194 0.20365168539325842 0.0480410447761194
10 0.6032303370786517 0.23950559701492538 0.11797752808988764 0.014458955223880597
27 0.6418539325842697 0.41697761194029853 0.125 0.13526119402985073
19 0.7696629213483146 0.45802238805970147 0.18398876404494383 0.06716417910447761