5 0.7096207865168539 0.5865205223880597 0.1776685393258427 0.09281716417910447
1 0.5498595505617978 0.5993470149253731 0.20926966292134833 0.09514925373134328
11 0.351123595505618 0.605643656716418 0.07584269662921349 0.06389925373134328
22 0.7559691011235955 0.8724347014925373 0.13553370786516855 0.11613805970149253
23 0.375 0.8864272388059702 0.15589887640449437 0.09561567164179105
28 0.5723314606741573 0.8903917910447762 0.15168539325842698 0.13059701492537312
7 0.45821629213483145 0.212919776119403 0.14676966292134833 0.05457089552238806
14 0.7998595505617978 0.21851679104477612 0.11095505617977527 0.04617537313432836
24 0.6639747191011236 0.23367537313432835 0.136938202247191 0.02332089552238806
15 0.7868679775280899 0.42280783582089554 0.14676966292134833 0.13386194029850745
18 0.3374297752808989 0.433535447761194 0.061095505617977525 0.11520522388059702
26 0.6541432584269663 0.44449626865671643 0.14817415730337077 0.09328358208955224
29 0.4476825842696629 0.44776119402985076 0.16081460674157302 0.06063432835820896