7 0.5835674157303371 0.5902518656716418 0.12780898876404495 0.05363805970149254
12 0.7538623595505618 0.5981809701492538 0.10884831460674158 0.06110074626865672
9 0.4002808988764045 0.6068097014925373 0.1896067415730337 0.06996268656716417
5 0.5294943820224719 0.8362873134328358 0.16713483146067415 0.11007462686567164
8 0.7205056179775281 0.8743003731343284 0.28230337078651685 0.1226679104477612
23 0.38377808988764045 0.8887593283582089 0.13412921348314608 0.08069029850746269
21 0.39009831460674155 0.203125 0.1523876404494382 0.0732276119402985
6 0.785814606741573 0.22784514925373134 0.22893258426966293 0.03404850746268657
10 0.5172050561797753 0.23740671641791045 0.12851123595505617 0.01958955223880597
20 0.42661516853932585 0.40578358208955223 0.09620786516853932 0.1669776119402985
27 0.5677668539325843 0.41277985074626866 0.09901685393258428 0.1287313432835821
29 0.7464887640449438 0.4517257462686567 0.16713483146067415 0.07229477611940298