17 0.7412219101123596 0.47038246268656714 0.20435393258426968 0.03871268656716418
7 0.535814606741573 0.5965485074626866 0.13623595505617977 0.05690298507462686
8 0.7524578651685393 0.6047108208955224 0.20435393258426968 0.09188432835820895
20 0.38202247191011235 0.8155317164179104 0.0997191011235955 0.1525186567164179
20 0.48911516853932585 0.8290578358208955 0.10323033707865169 0.16557835820895522
0 0.702247191011236 0.8675373134328358 0.175561797752809 0.09048507462686567
3 0.40379213483146065 0.9048507462686567 0.11938202247191011 0.06063432835820896
15 0.7974016853932584 0.20335820895522388 0.18609550561797752 0.07649253731343283
29 0.625 0.2103544776119403 0.16432584269662923 0.06623134328358209
19 0.4002808988764045 0.22621268656716417 0.17837078651685392 0.04197761194029851
27 0.36622191011235955 0.4123134328358209 0.09901685393258428 0.13992537313432835
26 0.5540730337078652 0.4435634328358209 0.14185393258426968 0.09421641791044776