7 0.425561797752809 0.5921175373134329 0.12640449438202248 0.05083955223880597
28 0.7605337078651685 0.5963152985074627 0.16713483146067415 0.09188432835820895
21 0.6007724719101124 0.5995802238805971 0.1425561797752809 0.07789179104477612
10 0.4234550561797753 0.6373600746268657 0.2443820224719101 0.034981343283582086
2 0.6773174157303371 0.8666044776119403 0.26896067415730335 0.08022388059701492
4 0.44206460674157305 0.8694029850746269 0.16362359550561797 0.07835820895522388
13 0.7988061797752809 0.19286380597014927 0.16502808988764045 0.11054104477611941
23 0.4339887640449438 0.21175373134328357 0.18258426966292135 0.06623134328358209
24 0.6566011235955056 0.23180970149253732 0.1797752808988764 0.026119402985074626
18 0.7521067415730337 0.421875 0.05898876404494382 0.10587686567164178
11 0.5856741573033708 0.4454291044776119 0.07865168539325842 0.06902985074626866
25 0.7054073033707865 0.45405783582089554 0.29002808988764045 0.06763059701492537
1 0.42521067415730335 0.4556902985074627 0.2127808988764045 0.06063432835820896