22 0.5979634831460674 0.5883861940298507 0.1271067415730337 0.08722014925373134
11 0.42872191011235955 0.6077425373134329 0.08497191011235955 0.07182835820895522
14 0.3532303370786517 0.6168376865671642 0.09410112359550561 0.06389925373134328
20 0.7285814606741573 0.8257929104477612 0.10463483146067416 0.17024253731343283
20 0.6629213483146067 0.8472481343283582 0.09550561797752809 0.16651119402985073
3 0.5308988764044944 0.8773320895522388 0.125 0.06716417910447761
13 0.3714887640449438 0.8775652985074627 0.11938202247191011 0.13292910447761194
13 0.5396769662921348 0.17817164179104478 0.14536516853932585 0.13526119402985073
0 0.7622893258426966 0.21175373134328357 0.1818820224719101 0.06436567164179105
24 0.3634129213483146 0.2259794776119403 0.13412921348314608 0.037779850746268655
26 0.6337780898876404 0.4449626865671642 0.17485955056179775 0.07276119402985075
7 0.4434691011235955 0.4470615671641791 0.13834269662921347 0.05923507462686567