15 0.6404494382022472 0.5531716417910447 0.24719101123595505 0.07462686567164178
25 0.6271067415730337 0.5907182835820896 0.2443820224719101 0.09468283582089553
24 0.3142556179775281 0.6002798507462687 0.12570224719101122 0.041044776119402986
22 0.2893258426966292 0.871035447761194 0.12078651685393259 0.09561567164179105
3 0.45014044943820225 0.8768656716417911 0.15870786516853932 0.055970149253731345
18 0.43679775280898875 0.1958955223880597 0.05337078651685393 0.10167910447761194
26 0.28581460674157305 0.20545708955223882 0.16292134831460675 0.07602611940298508
29 0.545997191011236 0.2103544776119403 0.16081460674157302 0.0708955223880597
1 0.6706460674157303 0.21735074626865672 0.13623595505617977 0.05783582089552239
13 0.29950842696629215 0.43423507462686567 0.10463483146067416 0.09981343283582089
21 0.4339887640449438 0.44053171641791045 0.13342696629213482 0.08255597014925373
5 0.6878511235955056 0.4451958955223881 0.2029494382022472 0.09748134328358209
11 0.5330056179775281 0.45988805970149255 0.0800561797752809 0.06343283582089553