1 0.43820224719101125 0.5904850746268657 0.14887640449438203 0.10541044776119403
8 0.754564606741573 0.6044776119402985 0.20435393258426968 0.09514925373134328
29 0.5600421348314607 0.6044776119402985 0.14396067415730338 0.08955223880597014
11 0.34445224719101125 0.6168376865671642 0.08356741573033707 0.07136194029850747
22 0.7542134831460674 0.8654384328358209 0.14606741573033707 0.11800373134328358
23 0.4413623595505618 0.8661380597014925 0.23525280898876405 0.06343283582089553
26 0.3728932584269663 0.9225746268656716 0.16292134831460675 0.10727611940298508
17 0.5916432584269663 0.949393656716418 0.2169943820224719 0.09001865671641791
7 0.5761938202247191 0.21315298507462688 0.08356741573033707 0.05317164179104478
14 0.7117275280898876 0.21898320895522388 0.11587078651685394 0.052705223880597014
19 0.7952949438202247 0.22271455223880596 0.12991573033707865 0.04151119402985075
18 0.7443820224719101 0.40928171641791045 0.054775280898876406 0.06669776119402986
27 0.5516151685393258 0.41487873134328357 0.10603932584269662 0.13666044776119404
15 0.769311797752809 0.45032649253731344 0.2169943820224719 0.09095149253731344
5 0.41713483146067415 0.4510261194029851 0.18820224719101122 0.0914179104477612
28 0.6077949438202247 0.46431902985074625 0.08637640449438203 0.057369402985074626