22 0.37605337078651685 0.5825559701492538 0.13834269662921347 0.11007462686567164
25 0.5347612359550562 0.6033115671641791 0.3167134831460674 0.09841417910447761
7 0.7471910112359551 0.6040111940298507 0.12359550561797752 0.06529850746268656
21 0.5625 0.8411847014925373 0.1797752808988764 0.09188432835820895
18 0.7180477528089888 0.8687033582089553 0.0625 0.09934701492537314
15 0.36973314606741575 0.9228078358208955 0.19452247191011235 0.11520522388059702
28 0.6875 0.9274720149253731 0.34831460674157305 0.12919776119402984
27 0.38202247191011235 0.1756063432835821 0.13623595505617977 0.13386194029850745
26 0.7608848314606742 0.2068563432835821 0.13412921348314608 0.06389925373134328
1 0.5912921348314607 0.2199160447761194 0.20365168539325842 0.052705223880597014
29 0.5625 0.44449626865671643 0.16573033707865167 0.07929104477611941
23 0.3999297752808989 0.45825559701492535 0.14676966292134833 0.07136194029850747