9 0.6327247191011236 0.5928171641791045 0.16432584269662923 0.048507462686567165
12 0.47542134831460675 0.5960820895522388 0.10393258426966293 0.05783582089552239
0 0.8107443820224719 0.6007462686567164 0.1818820224719101 0.08208955223880597
22 0.8044241573033708 0.8675373134328358 0.14817415730337077 0.12126865671641791
10 0.6418539325842697 0.8894589552238806 0.10393258426966293 0.08395522388059702
24 0.43469101123595505 0.8913246268656716 0.15730337078651685 0.06716417910447761
7 0.7401685393258427 0.208955223880597 0.10674157303370786 0.04477611940298507
29 0.4943820224719101 0.21431902985074627 0.14606741573033707 0.05923507462686567
18 0.4431179775280899 0.42350746268656714 0.07584269662921349 0.10727611940298508
26 0.7823033707865169 0.44239738805970147 0.16432584269662923 0.06389925373134328
21 0.6070926966292135 0.4458955223880597 0.12570224719101122 0.06809701492537314