21 0.7844101123595506 0.5951492537313433 0.14606741573033707 0.09328358208955224
1 0.6429073033707865 0.6166044776119403 0.17345505617977527 0.07742537313432836
17 0.4125702247191011 0.6245335820895522 0.2029494382022472 0.05223880597014925
19 0.7134831460674157 0.8703358208955224 0.05758426966292135 0.041044776119402986
19 0.807935393258427 0.8838619402985075 0.09058988764044944 0.07929104477611941
0 0.6127106741573034 0.8847947761194029 0.10182584269662921 0.10541044776119403
25 0.42872191011235955 0.8971548507462687 0.26615168539325845 0.14319029850746268
0 0.7443820224719101 0.9123134328358209 0.08707865168539326 0.06623134328358209
22 0.7952949438202247 0.19752798507462688 0.13974719101123595 0.09188432835820895
6 0.6594101123595506 0.22271455223880596 0.16292134831460675 0.039645522388059705
3 0.3549859550561798 0.22388059701492538 0.1327247191011236 0.03731343283582089
24 0.5168539325842697 0.2259794776119403 0.12780898876404495 0.029384328358208957
8 0.41537921348314605 0.44799440298507465 0.27598314606741575 0.08162313432835822
7 0.6864466292134831 0.45755597014925375 0.10463483146067416 0.05690298507462686