1 0.6242977528089888 0.5830223880597015 0.11376404494382023 0.08395522388059702
12 0.46558988764044945 0.59375 0.10112359550561797 0.05317164179104478
0 0.8142556179775281 0.6002798507462687 0.17626404494382023 0.08395522388059702
24 0.43258426966292135 0.8875932835820896 0.14325842696629212 0.055970149253731345
10 0.6453651685393258 0.8878264925373134 0.10955056179775281 0.08069029850746269
18 0.8409410112359551 0.1921641791044776 0.08075842696629214 0.10727611940298508
26 0.4041432584269663 0.2080223880597015 0.14676966292134833 0.06809701492537314
29 0.6889044943820225 0.21455223880597016 0.14606741573033707 0.05317164179104478
4 0.5333567415730337 0.21595149253731344 0.13412921348314608 0.04664179104477612
21 0.6060393258426966 0.4430970149253731 0.12921348314606743 0.07182835820895522
7 0.43609550561797755 0.4505597014925373 0.1502808988764045 0.043843283582089554