0 0.398876404494382 0.5951492537313433 0.17696629213483145 0.06996268656716417
4 0.5347612359550562 0.6126399253731343 0.18469101123595505 0.06576492537313433
10 0.7398174157303371 0.6208022388059702 0.12851123595505617 0.049440298507462684
7 0.40098314606741575 0.8621735074626866 0.13764044943820225 0.06110074626865672
26 0.5962078651685393 0.8663712686567164 0.12780898876404495 0.08348880597014925
9 0.7668539325842697 0.9069496268656716 0.20786516853932585 0.10680970149253731
27 0.78125 0.17420708955223882 0.12148876404494383 0.134794776119403
29 0.38167134831460675 0.2080223880597015 0.1720505617977528 0.06809701492537314
12 0.5926966292134831 0.21735074626865672 0.16292134831460675 0.048507462686567165
25 0.3950140449438202 0.4125466417910448 0.19873595505617977 0.14039179104477612
22 0.7514044943820225 0.4314365671641791 0.19101123595505617 0.10261194029850747
18 0.5196629213483146 0.4314365671641791 0.06741573033707865 0.11380597014925373
28 0.608497191011236 0.4470615671641791 0.1425561797752809 0.08255597014925373