7 0.5726825842696629 0.5944496268656716 0.12429775280898876 0.05923507462686567
21 0.7735252808988764 0.6005130597014925 0.14817415730337077 0.07229477611940298
24 0.39536516853932585 0.6019123134328358 0.13764044943820225 0.06110074626865672
15 0.37570224719101125 0.8661380597014925 0.11376404494382023 0.15951492537313433
5 0.5340589887640449 0.8997201492537313 0.16081460674157302 0.11287313432835822
22 0.7801966292134831 0.9013526119402985 0.21348314606741572 0.10867537313432836
12 0.672752808988764 0.22061567164179105 0.1151685393258427 0.051305970149253734
4 0.4104634831460674 0.22294776119402984 0.1720505617977528 0.054104477611940295
10 0.8332162921348315 0.23950559701492538 0.17626404494382023 0.021921641791044777
13 0.6320224719101124 0.4291044776119403 0.10112359550561797 0.10727611940298508
1 0.7521067415730337 0.45149253731343286 0.1446629213483146 0.06529850746268656