27 0.5926966292134831 0.5620335820895522 0.11797752808988764 0.1259328358208955
18 0.726123595505618 0.5764925373134329 0.06601123595505617 0.10914179104477612
23 0.4585674157303371 0.59375 0.15730337078651685 0.07182835820895522
13 0.7061095505617978 0.8395522388059702 0.12008426966292135 0.12779850746268656
9 0.47963483146067415 0.8754664179104478 0.15730337078651685 0.07462686567164178
15 0.40905898876404495 0.2068563432835821 0.2029494382022472 0.07136194029850747
11 0.589185393258427 0.2115205223880597 0.08707865168539326 0.05923507462686567
4 0.7412219101123596 0.21665111940298507 0.15098314606741572 0.057369402985074626
20 0.7672050561797753 0.40181902985074625 0.09199438202247191 0.16651119402985073
29 0.45259831460674155 0.4437966417910448 0.15519662921348315 0.05457089552238806
12 0.6218398876404494 0.4454291044776119 0.12008426966292135 0.048507462686567165