21 0.3985252808988764 0.5935167910447762 0.13974719101123595 0.07695895522388059
7 0.5839185393258427 0.5951492537313433 0.136938202247191 0.06809701492537314
28 0.764747191011236 0.5956156716417911 0.16853932584269662 0.08955223880597014
25 0.7349016853932584 0.8187966417910447 0.20997191011235955 0.16371268656716417
4 0.3577949438202247 0.8605410447761194 0.12289325842696629 0.11940298507462686
2 0.53125 0.8852611940298507 0.25491573033707865 0.11753731343283583
11 0.3595505617977528 0.21361940298507462 0.09691011235955056 0.06902985074626866
23 0.4708567415730337 0.2140858208955224 0.1818820224719101 0.0625
1 0.757373595505618 0.21618470149253732 0.15660112359550563 0.060167910447761194
24 0.6348314606741573 0.23274253731343283 0.16151685393258428 0.027985074626865673
18 0.7928370786516854 0.43306902985074625 0.06741573033707865 0.11147388059701492
29 0.6313202247191011 0.4470615671641791 0.21067415730337077 0.09001865671641791