24 0.3374297752808989 0.4675839552238806 0.13974719101123595 0.03404850746268657
27 0.7401685393258427 0.5673973880597015 0.10955056179775281 0.1310634328358209
21 0.449438202247191 0.5902518656716418 0.14747191011235955 0.09281716417910447
13 0.34129213483146065 0.5904850746268657 0.11376404494382023 0.1333955223880597
29 0.6053370786516854 0.6079757462686567 0.16573033707865167 0.09468283582089553
5 0.6871488764044944 0.828125 0.15098314606741572 0.09748134328358209
2 0.37956460674157305 0.8880597014925373 0.18609550561797752 0.0960820895522388
25 0.5445926966292135 0.8922574626865671 0.26615168539325845 0.13992537313432835
6 0.7517556179775281 0.8971548507462687 0.21418539325842698 0.11054104477611941
27 0.5884831460674157 0.1828358208955224 0.11235955056179775 0.12033582089552239
8 0.7401685393258427 0.19776119402985073 0.21910112359550563 0.08208955223880597
26 0.3669241573033708 0.2068563432835821 0.16081460674157302 0.08255597014925373
11 0.3960674157303371 0.44776119402985076 0.07303370786516854 0.061567164179104475
23 0.7359550561797753 0.44986007462686567 0.1544943820224719 0.06296641791044776
28 0.5168539325842697 0.45032649253731344 0.20926966292134833 0.06669776119402986