26 0.632373595505618 0.581856343283582 0.1172752808988764 0.06576492537313433
21 0.7745786516853933 0.5904850746268657 0.15308988764044945 0.08675373134328358
9 0.4511938202247191 0.6117070895522388 0.25912921348314605 0.05643656716417911
5 0.38412921348314605 0.863339552238806 0.16432584269662923 0.11100746268656717
15 0.7275280898876404 0.8715018656716418 0.24719101123595505 0.1021455223880597
4 0.5628511235955056 0.8854944029850746 0.12991573033707865 0.08162313432835822
10 0.5323033707865169 0.9458955223880597 0.23595505617977527 0.04757462686567164
25 0.7984550561797753 0.16184701492537312 0.1699438202247191 0.15764925373134328
12 0.6657303370786517 0.21921641791044777 0.11095505617977527 0.04757462686567164
16 0.43223314606741575 0.22014925373134328 0.2830056179775281 0.043843283582089554
27 0.40379213483146065 0.41511194029850745 0.13202247191011235 0.13805970149253732
18 0.5323033707865169 0.42117537313432835 0.06741573033707865 0.10634328358208955
22 0.7542134831460674 0.4295708955223881 0.18258426966292135 0.09794776119402986
28 0.5912921348314607 0.447294776119403 0.22331460674157302 0.07462686567164178