28 0.5632022471910112 0.5776585820895522 0.2851123595505618 0.08442164179104478
26 0.3929073033707865 0.6061100746268657 0.17485955056179775 0.07882462686567164
22 0.4122191011235955 0.8661380597014925 0.19241573033707865 0.09888059701492537
9 0.773876404494382 0.8896921641791045 0.20926966292134833 0.11240671641791045
4 0.6274578651685393 0.8913246268656716 0.1425561797752809 0.08675373134328358
13 0.4490870786516854 0.18236940298507462 0.1271067415730337 0.12686567164179105
15 0.6116573033707865 0.2138526119402985 0.1601123595505618 0.07882462686567164
11 0.3686797752808989 0.21478544776119404 0.08707865168539326 0.06296641791044776
0 0.7917837078651685 0.21898320895522388 0.11025280898876405 0.07042910447761194
20 0.41678370786516855 0.3980876865671642 0.08918539325842696 0.1571828358208955
7 0.7531601123595506 0.44449626865671643 0.0723314606741573 0.05503731343283582
12 0.3813202247191011 0.4608208955223881 0.11095505617977527 0.061567164179104475
16 0.5547752808988764 0.46571828358208955 0.1896067415730337 0.052705223880597014