24 0.37359550561797755 0.4713152985074627 0.14185393258426968 0.03871268656716418
22 0.3669241573033708 0.5837220149253731 0.15098314606741572 0.10867537313432836
14 0.7419241573033708 0.6142723880597015 0.10884831460674158 0.0625
16 0.5502106741573034 0.6177705223880597 0.19030898876404495 0.06949626865671642
21 0.5761938202247191 0.8591417910447762 0.20014044943820225 0.08675373134328358
13 0.5807584269662921 0.8780317164179104 0.16292134831460675 0.1553171641791045
11 0.7103230337078652 0.8971548507462687 0.07514044943820225 0.07229477611940298
15 0.3690308988764045 0.9204757462686567 0.20435393258426968 0.1226679104477612
27 0.3732443820224719 0.17747201492537312 0.10603932584269662 0.12546641791044777
26 0.7640449438202247 0.21012126865671643 0.13623595505617977 0.06763059701492537
1 0.5853230337078652 0.21361940298507462 0.1875 0.05503731343283582
20 0.5733848314606742 0.40345149253731344 0.09620786516853932 0.16324626865671643
3 0.7633426966292135 0.4603544776119403 0.1544943820224719 0.049440298507462684