7 0.699438202247191 0.5928171641791045 0.1502808988764045 0.05690298507462686
23 0.4417134831460674 0.6000466417910447 0.19241573033707865 0.0732276119402985
29 0.8212780898876404 0.6140391791044776 0.14957865168539325 0.0648320895522388
27 0.757373595505618 0.8381529850746269 0.10884831460674158 0.13526119402985073
25 0.382373595505618 0.8551772388059702 0.1425561797752809 0.22061567164179105
5 0.42661516853932585 0.2042910447761194 0.16362359550561797 0.07649253731343283
28 0.7956460674157303 0.208955223880597 0.20224719101123595 0.0708955223880597
27 0.769311797752809 0.41324626865671643 0.11867977528089887 0.12126865671641791
21 0.40730337078651685 0.44402985074626866 0.1446629213483146 0.06716417910447761
11 0.5445926966292135 0.44822761194029853 0.07654494382022473 0.06436567164179105
12 0.6674859550561798 0.4528917910447761 0.10603932584269662 0.0457089552238806