10 0.42099719101123595 0.47784514925373134 0.23665730337078653 0.03404850746268657
28 0.7650983146067416 0.5949160447761194 0.17345505617977527 0.09188432835820895
21 0.6007724719101124 0.601445895522388 0.15098314606741572 0.07602611940298508
7 0.4311797752808989 0.6049440298507462 0.13623595505617977 0.05783582089552239
26 0.538623595505618 0.8544776119402985 0.13904494382022473 0.0960820895522388
15 0.7282303370786517 0.8717350746268657 0.2443820224719101 0.10074626865671642
4 0.3999297752808989 0.8745335820895522 0.13412921348314608 0.08861940298507463
13 0.8033707865168539 0.18983208955223882 0.17275280898876405 0.11007462686567164
24 0.6527387640449438 0.23041044776119404 0.17907303370786518 0.026119402985074626
18 0.7517556179775281 0.42140858208955223 0.059691011235955056 0.10494402985074627
23 0.4624297752808989 0.4395988805970149 0.18469101123595505 0.06856343283582089
11 0.5860252808988764 0.4505597014925373 0.07935393258426966 0.07182835820895522
25 0.711376404494382 0.4552238805970149 0.300561797752809 0.06902985074626866