22 0.3634129213483146 0.586054104477612 0.13974719101123595 0.09654850746268656
5 0.519311797752809 0.5951492537313433 0.17064606741573032 0.09701492537313433
7 0.6934691011235955 0.6040111940298507 0.14676966292134833 0.06063432835820896
1 0.3806179775280899 0.8754664179104478 0.14747191011235955 0.08208955223880597
19 0.7752808988764045 0.8810634328358209 0.1502808988764045 0.0830223880597015
6 0.5052668539325843 0.8915578358208955 0.12429775280898876 0.09188432835820895
6 0.660814606741573 0.8992537313432836 0.08848314606741572 0.07929104477611941
27 0.795997191011236 0.17210820895522388 0.13553370786516855 0.13526119402985073
24 0.5129915730337079 0.22807835820895522 0.12570224719101122 0.027985074626865673
8 0.3925561797752809 0.44263059701492535 0.23314606741573032 0.08488805970149253
14 0.7050561797752809 0.45382462686567165 0.0997191011235955 0.055970149253731345
3 0.6074438202247191 0.45825559701492535 0.1151685393258427 0.044309701492537316
11 0.7896769662921348 0.4587220149253731 0.07794943820224719 0.06669776119402986