27 0.7503511235955056 0.5652985074626866 0.11025280898876405 0.13152985074626866
13 0.32724719101123595 0.5825559701492538 0.12359550561797752 0.13992537313432835
17 0.6162219101123596 0.6168376865671642 0.2478932584269663 0.06389925373134328
24 0.44803370786516855 0.6252332089552238 0.12219101123595505 0.0480410447761194
20 0.6450140449438202 0.8185634328358209 0.09901685393258428 0.15858208955223882
18 0.32935393258426965 0.8432835820895522 0.05196629213483146 0.09794776119402986
0 0.6288623595505618 0.9174440298507462 0.17907303370786518 0.08768656716417911
23 0.35639044943820225 0.9207089552238806 0.1678370786516854 0.1166044776119403
13 0.3339185393258427 0.17887126865671643 0.14817415730337077 0.13759328358208955
26 0.6867977528089888 0.20825559701492538 0.16432584269662923 0.0732276119402985
27 0.757373595505618 0.42257462686567165 0.11587078651685394 0.12686567164179105
28 0.40765449438202245 0.44029850746268656 0.1172752808988764 0.08208955223880597