8 0.7517556179775281 0.6028451492537313 0.20997191011235955 0.09561567164179105
16 0.38202247191011235 0.6145055970149254 0.16292134831460675 0.06296641791044776
17 0.5516151685393258 0.6233675373134329 0.16924157303370788 0.049906716417910446
15 0.6134129213483146 0.8736007462686567 0.16924157303370788 0.13526119402985073
21 0.7566713483146067 0.8759328358208955 0.14115168539325842 0.10727611940298508
3 0.40308988764044945 0.9050839552238806 0.12078651685393259 0.07229477611940298
19 0.7794943820224719 0.22201492537313433 0.12921348314606743 0.04291044776119403
18 0.35463483146067415 0.41534514925373134 0.05758426966292135 0.08628731343283583
25 0.7724719101123596 0.4197761194029851 0.19241573033707865 0.14925373134328357
26 0.648876404494382 0.4493936567164179 0.1446629213483146 0.08722014925373134
1 0.3964185393258427 0.457089552238806 0.2071629213483146 0.0708955223880597