3 0.4339887640449438 0.46921641791044777 0.1502808988764045 0.03731343283582089
5 0.40168539325842695 0.5823227611940298 0.17696629213483145 0.09654850746268656
2 0.7689606741573034 0.6058768656716418 0.17134831460674158 0.06623134328358209
9 0.5639044943820225 0.6128731343283582 0.17275280898876405 0.06436567164179105
8 0.7117275280898876 0.8682369402985075 0.21137640449438203 0.11240671641791045
26 0.42240168539325845 0.8833955223880597 0.12429775280898876 0.10261194029850747
23 0.5372191011235955 0.20872201492537312 0.13623595505617977 0.06763059701492537
20 0.3883426966292135 0.212919776119403 0.12921348314606743 0.06856343283582089
12 0.7436797752808989 0.22084888059701493 0.15168539325842698 0.049906716417910446
13 0.757373595505618 0.42513992537313433 0.1622191011235955 0.11520522388059702
11 0.6053370786516854 0.45638992537313433 0.08567415730337079 0.06389925373134328