27 0.7728230337078652 0.5645988805970149 0.10884831460674158 0.1357276119402985
13 0.35639044943820225 0.5834888059701493 0.13974719101123595 0.11007462686567164
1 0.5365168539325843 0.5944496268656716 0.175561797752809 0.07789179104477612
14 0.711376404494382 0.6222014925373134 0.11376404494382023 0.06529850746268656
20 0.6629213483146067 0.8185634328358209 0.09550561797752809 0.15858208955223882
11 0.3574438202247191 0.8682369402985075 0.07162921348314606 0.06763059701492537
18 0.37745786516853935 0.890625 0.05828651685393258 0.10774253731343283
7 0.6183286516853933 0.9123134328358209 0.13412921348314608 0.08768656716417911
29 0.761938202247191 0.21525186567164178 0.199438202247191 0.06389925373134328
3 0.5228230337078652 0.22318097014925373 0.136938202247191 0.037779850746268655
21 0.5649578651685393 0.4468283582089552 0.15379213483146068 0.10727611940298508
26 0.3865870786516854 0.449160447761194 0.14396067415730338 0.07929104477611941
28 0.7935393258426966 0.45219216417910446 0.12078651685393259 0.07042910447761194
28 0.6850421348314607 0.4552238805970149 0.08216292134831461 0.05690298507462686