7 0.42310393258426965 0.5914179104477612 0.1327247191011236 0.051305970149253734
28 0.7601825842696629 0.5951492537313433 0.16924157303370788 0.09048507462686567
21 0.601123595505618 0.6007462686567164 0.13904494382022473 0.07742537313432836
4 0.43082865168539325 0.8726679104477612 0.15660112359550563 0.07835820895522388
2 0.6731039325842697 0.8752332089552238 0.261938202247191 0.1021455223880597
23 0.42661516853932585 0.20965485074626866 0.18609550561797752 0.06763059701492537
1 0.7580758426966292 0.21618470149253732 0.15941011235955055 0.05830223880597015
24 0.6344803370786517 0.23180970149253732 0.15660112359550563 0.030783582089552237
18 0.7503511235955056 0.4183768656716418 0.061095505617977525 0.09328358208955224
11 0.5839185393258427 0.44822761194029853 0.07935393258426966 0.06809701492537314
25 0.7015449438202247 0.4554570895522388 0.2949438202247191 0.06576492537313433