13 0.4044943820224719 0.5555037313432836 0.15589887640449437 0.1259328358208955
26 0.35674157303370785 0.6005130597014925 0.1306179775280899 0.09468283582089553
8 0.7587780898876404 0.6021455223880597 0.19592696629213482 0.10074626865671642
6 0.5509129213483146 0.6140391791044776 0.22401685393258428 0.07136194029850747
1 0.7900280898876404 0.8754664179104478 0.16573033707865167 0.11940298507462686
17 0.4023876404494382 0.9043843283582089 0.19382022471910113 0.08395522388059702
11 0.6358848314606742 0.9169776119402985 0.0877808988764045 0.07462686567164178
5 0.38764044943820225 0.1993936567164179 0.199438202247191 0.08815298507462686
7 0.5905898876404494 0.21595149253731344 0.10674157303370786 0.055970149253731345
29 0.555126404494382 0.4451958955223881 0.16362359550561797 0.0732276119402985
19 0.7110252808988764 0.46222014925373134 0.2563202247191011 0.06063432835820896
2 0.3746488764044944 0.46361940298507465 0.1973314606741573 0.054104477611940295