7 0.5235252808988764 0.5984141791044776 0.14115168539325842 0.05783582089552239
12 0.7275280898876404 0.6009794776119403 0.13904494382022473 0.06949626865671642
20 0.36797752808988765 0.601445895522388 0.09831460674157304 0.09468283582089553
28 0.7401685393258427 0.8791977611940298 0.19101123595505617 0.1166044776119403
23 0.5811095505617978 0.894356343283582 0.13553370786516855 0.08442164179104478
0 0.3577949438202247 0.9076492537313433 0.10042134831460674 0.06529850746268656
5 0.4413623595505618 0.20172574626865672 0.1678370786516854 0.08722014925373134
29 0.6738061797752809 0.21828358208955223 0.1580056179775281 0.05690298507462686
3 0.7995084269662921 0.22038246268656717 0.1720505617977528 0.045242537313432835
27 0.38728932584269665 0.40928171641791045 0.11025280898876405 0.12639925373134328
25 0.5797050561797753 0.41534514925373134 0.28581460674157305 0.10774253731343283
16 0.7489466292134831 0.46012126865671643 0.28441011235955055 0.0480410447761194