7 0.430126404494382 0.5944496268656716 0.14676966292134833 0.0480410447761194
28 0.7682584269662921 0.5960820895522388 0.17837078651685392 0.09514925373134328
21 0.6032303370786517 0.6000466417910447 0.15308988764044945 0.07789179104477612
26 0.5435393258426966 0.8579757462686567 0.12219101123595505 0.08722014925373134
4 0.41151685393258425 0.8705690298507462 0.1151685393258427 0.07789179104477612
2 0.7366573033707865 0.8743003731343284 0.15730337078651685 0.0732276119402985
13 0.8019662921348315 0.19029850746268656 0.15589887640449437 0.10074626865671642
24 0.6502808988764045 0.2283115671641791 0.1699438202247191 0.03404850746268657
18 0.7492977528089888 0.4050839552238806 0.060393258426966294 0.0732276119402985
23 0.4803370786516854 0.4281716417910448 0.09410112359550561 0.04477611940298507
11 0.5821629213483146 0.4468283582089552 0.06741573033707865 0.06343283582089553
25 0.714185393258427 0.453125 0.300561797752809 0.06389925373134328
1 0.4220505617977528 0.46338619402985076 0.20224719101123595 0.06856343283582089