27 0.5442415730337079 0.5629664179104478 0.10674157303370786 0.13246268656716417
9 0.40098314606741575 0.6047108208955224 0.1797752808988764 0.06389925373134328
10 0.742626404494382 0.6077425373134329 0.12429775280898876 0.05037313432835821
27 0.3981741573033708 0.8442164179104478 0.10393258426966293 0.13526119402985073
29 0.6976825842696629 0.8614738805970149 0.18609550561797752 0.07555970149253731
26 0.5502106741573034 0.8694029850746269 0.12570224719101122 0.0914179104477612
0 0.41467696629213485 0.20965485074626866 0.20435393258426968 0.06669776119402986
15 0.6074438202247191 0.21898320895522388 0.21769662921348315 0.045242537313432835
19 0.7787921348314607 0.22224813432835822 0.1348314606741573 0.042444029850746266
4 0.5740870786516854 0.4542910447761194 0.15379213483146068 0.05690298507462686
6 0.7356039325842697 0.458955223880597 0.15098314606741572 0.05503731343283582
16 0.39571629213483145 0.4594216417910448 0.18047752808988765 0.05223880597014925