12 0.4241573033707865 0.5944496268656716 0.1601123595505618 0.045242537313432835
7 0.7317415730337079 0.6063432835820896 0.0997191011235955 0.049440298507462684
10 0.598314606741573 0.6208022388059702 0.125 0.048507462686567165
9 0.6467696629213483 0.8899253731343284 0.23314606741573032 0.054104477611940295
18 0.836376404494382 0.8915578358208955 0.07584269662921349 0.11986940298507463
1 0.39115168539325845 0.9165111940298507 0.20224719101123595 0.09794776119402986
23 0.6327247191011236 0.21058768656716417 0.18820224719101122 0.06389925373134328
11 0.40695224719101125 0.2178171641791045 0.09058988764044944 0.055970149253731345
20 0.769311797752809 0.4048507462686567 0.11867977528089887 0.17257462686567165
21 0.5965589887640449 0.4400652985074627 0.12008426966292135 0.07789179104477612
29 0.4332865168539326 0.45988805970149255 0.18820224719101122 0.0625