8 0.6235955056179775 0.5951492537313433 0.2345505617977528 0.08115671641791045
4 0.3929073033707865 0.6086753731343284 0.14817415730337077 0.06996268656716417
11 0.8163623595505618 0.6117070895522388 0.07794943820224719 0.0732276119402985
27 0.39150280898876405 0.8264925373134329 0.0976123595505618 0.1259328358208955
2 0.7226123595505618 0.8652052238805971 0.199438202247191 0.06716417910447761
16 0.5087780898876404 0.8931902985074627 0.22542134831460675 0.07649253731343283
20 0.7903792134831461 0.17397388059701493 0.11867977528089887 0.14925373134328357
6 0.46769662921348315 0.23180970149253732 0.2794943820224719 0.03731343283582089
13 0.5098314606741573 0.4337686567164179 0.11095505617977527 0.11194029850746269
0 0.6404494382022472 0.4470615671641791 0.13904494382022473 0.06389925373134328
12 0.3960674157303371 0.45009328358208955 0.09410112359550561 0.051305970149253734