13 0.41116573033707865 0.5618003731343284 0.15519662921348315 0.12360074626865672
8 0.7577247191011236 0.6012126865671642 0.20786516853932585 0.09421641791044776
6 0.555126404494382 0.6126399253731343 0.22401685393258428 0.07602611940298508
14 0.3609550561797753 0.6135727611940298 0.09691011235955056 0.06203358208955224
1 0.7882724719101124 0.8756996268656716 0.17907303370786518 0.13199626865671643
17 0.4104634831460674 0.9057835820895522 0.1818820224719101 0.07742537313432836
11 0.6316713483146067 0.917910447761194 0.07794943820224719 0.07929104477611941
7 0.589185393258427 0.21245335820895522 0.09269662921348315 0.05363805970149254
3 0.7566713483146067 0.22877798507462688 0.12991573033707865 0.025652985074626867
5 0.40308988764044945 0.420009328358209 0.1601123595505618 0.057369402985074626
18 0.7061095505617978 0.4319029850746269 0.06390449438202248 0.10541044776119403
29 0.5653089887640449 0.4435634328358209 0.14325842696629212 0.07555970149253731
23 0.42661516853932585 0.46455223880597013 0.2563202247191011 0.058768656716417914