22 0.5993679775280899 0.5904850746268657 0.13412921348314608 0.0960820895522388
11 0.425561797752809 0.5993470149253731 0.08286516853932584 0.06716417910447761
14 0.7840589887640449 0.6033115671641791 0.11446629213483146 0.05923507462686567
29 0.40379213483146065 0.8815298507462687 0.16151685393258428 0.10261194029850747
28 0.7816011235955056 0.8941231343283582 0.1699438202247191 0.10074626865671642
27 0.3634129213483146 0.17583955223880596 0.14115168539325842 0.13992537313432835
0 0.7608848314606742 0.2077891791044776 0.18609550561797752 0.06110074626865672
24 0.6067415730337079 0.22691231343283583 0.14325842696629212 0.03311567164179104
1 0.7405196629213483 0.4496268656716418 0.13974719101123595 0.07276119402985075
26 0.601123595505618 0.4507929104477612 0.1699438202247191 0.07416044776119403
7 0.4311797752808989 0.4566231343283582 0.14185393258426968 0.061567164179104475