24 0.4803370786516854 0.6091417910447762 0.14606741573033707 0.05317164179104478
29 0.8230337078651685 0.613106343283582 0.15308988764044945 0.06389925373134328
9 0.43258426966292135 0.8696361940298507 0.15168539325842698 0.09468283582089553
25 0.6569522471910112 0.882695895522388 0.25912921348314605 0.13386194029850745
5 0.4280196629213483 0.20289179104477612 0.1622191011235955 0.07929104477611941
23 0.7974016853932584 0.2080223880597015 0.14817415730337077 0.0625
21 0.6193820224719101 0.21082089552238806 0.16713483146067415 0.06996268656716417
27 0.4044943820224719 0.4118470149253731 0.09691011235955056 0.12779850746268656
12 0.6523876404494382 0.4454291044776119 0.11095505617977527 0.04197761194029851
11 0.5154494382022472 0.4556902985074627 0.0898876404494382 0.06529850746268656
3 0.8058286516853933 0.464785447761194 0.1271067415730337 0.04057835820895522