24 0.5895365168539326 0.466884328358209 0.10463483146067416 0.04197761194029851
19 0.4125702247191011 0.4675839552238806 0.2773876404494382 0.049906716417910446
27 0.7517556179775281 0.5645988805970149 0.11025280898876405 0.13292910447761194
13 0.33672752808988765 0.5778917910447762 0.11867977528089887 0.12406716417910447
7 0.5677668539325843 0.5979477611940298 0.12289325842696629 0.06809701492537314
20 0.6429073033707865 0.820429104477612 0.10463483146067416 0.16417910447761194
18 0.33075842696629215 0.8428171641791045 0.054775280898876406 0.10074626865671642
23 0.36832865168539325 0.9230410447761194 0.1678370786516854 0.11473880597014925
13 0.3342696629213483 0.1707089552238806 0.1699438202247191 0.14925373134328357
26 0.49508426966292135 0.20755597014925373 0.16432584269662923 0.06996268656716417
29 0.7391151685393258 0.21898320895522388 0.2071629213483146 0.06203358208955224
5 0.7363061797752809 0.44612873134328357 0.1720505617977528 0.0853544776119403