25 0.45646067415730335 0.5597014925373134 0.25702247191011235 0.10820895522388059
11 0.7464887640449438 0.5986473880597015 0.07865168539325842 0.06576492537313433
4 0.6032303370786517 0.6040111940298507 0.14185393258426968 0.06436567164179105
6 0.36797752808988765 0.6184701492537313 0.12921348314606743 0.05783582089552239
26 0.6481741573033708 0.8822294776119403 0.1446629213483146 0.08348880597014925
28 0.7896769662921348 0.8824626865671642 0.17064606741573032 0.12779850746268656
0 0.4002808988764045 0.8850279850746269 0.18258426966292135 0.09561567164179105
20 0.6481741573033708 0.16930970149253732 0.10393258426966293 0.15578358208955223
5 0.8054775280898876 0.1993936567164179 0.19382022471910113 0.09095149253731344
8 0.40941011235955055 0.20125932835820895 0.20084269662921347 0.08442164179104478
27 0.39396067415730335 0.40671641791044777 0.1151685393258427 0.12033582089552239
7 0.7517556179775281 0.4475279850746269 0.1271067415730337 0.05923507462686567
16 0.5614466292134831 0.45755597014925375 0.24648876404494383 0.05783582089552239