10 0.8103932584269663 0.47201492537313433 0.13202247191011235 0.03264925373134328
1 0.6221910112359551 0.585820895522388 0.11095505617977527 0.09048507462686567
12 0.4627808988764045 0.5951492537313433 0.10112359550561797 0.05317164179104478
0 0.8128511235955056 0.5993470149253731 0.1720505617977528 0.08208955223880597
23 0.8002106741573034 0.8899253731343284 0.14817415730337077 0.09514925373134328
24 0.43047752808988765 0.8899253731343284 0.14325842696629212 0.05783582089552239
18 0.8388342696629213 0.1921641791044776 0.08356741573033707 0.10727611940298508
26 0.40308988764044945 0.20732276119402984 0.14887640449438203 0.06669776119402986
29 0.6899578651685393 0.2150186567164179 0.14817415730337077 0.05783582089552239
4 0.5368679775280899 0.21735074626865672 0.13974719101123595 0.049440298507462684
20 0.42275280898876405 0.3987873134328358 0.09691011235955056 0.15671641791044777
27 0.6748595505617978 0.4134794776119403 0.10393258426966293 0.13386194029850745