7 0.5442415730337079 0.5956156716417911 0.12640449438202248 0.06716417910447761
4 0.7535112359550562 0.6058768656716418 0.1502808988764045 0.06623134328358209
6 0.3637640449438202 0.6161380597014925 0.1348314606741573 0.055970149253731345
26 0.5565308988764045 0.8677705223880597 0.1327247191011236 0.08069029850746269
28 0.7861657303370787 0.8796641791044776 0.16362359550561797 0.12406716417910447
0 0.40098314606741575 0.8843283582089553 0.175561797752809 0.09235074626865672
20 0.6467696629213483 0.16487873134328357 0.10674157303370786 0.15904850746268656
5 0.8093398876404494 0.19869402985074627 0.19873595505617977 0.09235074626865672
11 0.46875 0.21921641791044777 0.07514044943820225 0.048507462686567165
3 0.37043539325842695 0.22061567164179105 0.1271067415730337 0.04197761194029851
27 0.3925561797752809 0.41324626865671643 0.12078651685393259 0.13619402985074627
25 0.5919943820224719 0.4221082089552239 0.28651685393258425 0.09235074626865672
16 0.7475421348314607 0.46198694029850745 0.2928370786516854 0.04897388059701493