21 0.4431179775280899 0.5904850746268657 0.23314606741573032 0.09328358208955224
29 0.7356039325842697 0.6026119402985075 0.1678370786516854 0.07929104477611941
24 0.5881320224719101 0.6263992537313433 0.1271067415730337 0.04664179104477612
18 0.6952247191011236 0.8731343283582089 0.07443820224719101 0.11473880597014925
3 0.5344101123595506 0.8761660447761194 0.13623595505617977 0.06389925373134328
22 0.3648174157303371 0.878964552238806 0.12008426966292135 0.11054104477611941
13 0.545997191011236 0.17490671641791045 0.14957865168539325 0.1455223880597015
0 0.7707162921348315 0.21338619402985073 0.16924157303370788 0.06296641791044776
14 0.4066011235955056 0.21361940298507462 0.0997191011235955 0.06063432835820896
11 0.6639747191011236 0.21828358208955223 0.08216292134831461 0.06716417910447761
26 0.6218398876404494 0.4388992537313433 0.16081460674157302 0.07929104477611941
1 0.4375 0.4507929104477612 0.21348314606741572 0.08722014925373134