8 0.5442415730337079 0.5844216417910447 0.25 0.0830223880597015
9 0.7872191011235955 0.6063432835820896 0.16573033707865167 0.049440298507462684
15 0.6478230337078652 0.8353544776119403 0.18469101123595505 0.10727611940298508
13 0.5038623595505618 0.8638059701492538 0.12991573033707865 0.12686567164179105
4 0.39115168539325845 0.8843283582089553 0.14185393258426968 0.08675373134328358
21 0.7036516853932584 0.8936567164179104 0.1502808988764045 0.07649253731343283
29 0.601123595505618 0.2103544776119403 0.15308988764044945 0.06623134328358209
23 0.43679775280898875 0.21315298507462688 0.13904494382022473 0.05690298507462686
24 0.6734550561797753 0.2248134328358209 0.1896067415730337 0.04291044776119403
20 0.7468398876404494 0.39715485074626866 0.10323033707865169 0.14972014925373134
25 0.48735955056179775 0.400419776119403 0.2794943820224719 0.13386194029850745
12 0.4020365168539326 0.45242537313432835 0.10323033707865169 0.05223880597014925
7 0.8128511235955056 0.4552238805970149 0.136938202247191 0.055970149253731345
16 0.6123595505617978 0.4603544776119403 0.18398876404494383 0.051305970149253734