1 0.4315308988764045 0.5890858208955224 0.17345505617977527 0.0960820895522388
8 0.7556179775280899 0.6051772388059702 0.20084269662921347 0.09561567164179105
29 0.5575842696629213 0.605643656716418 0.15589887640449437 0.08722014925373134
11 0.3479634831460674 0.6259328358208955 0.09199438202247191 0.07929104477611941
22 0.7700140449438202 0.8558768656716418 0.12429775280898876 0.11100746268656717
26 0.5140449438202247 0.8743003731343284 0.12780898876404495 0.09468283582089553
23 0.6485252808988764 0.8759328358208955 0.12991573033707865 0.09794776119402986
2 0.37605337078651685 0.8927238805970149 0.12851123595505617 0.06902985074626866
7 0.5758426966292135 0.21222014925373134 0.0800561797752809 0.04664179104477612
14 0.7082162921348315 0.21665111940298507 0.11306179775280899 0.04710820895522388
19 0.8030196629213483 0.2236473880597015 0.11446629213483146 0.03404850746268657
5 0.39396067415730335 0.410214552238806 0.19241573033707865 0.04337686567164179
18 0.745435393258427 0.4162779850746269 0.05828651685393258 0.0853544776119403
15 0.7896769662921348 0.4556902985074627 0.1678370786516854 0.10074626865671642
6 0.620435393258427 0.457089552238806 0.19030898876404495 0.06063432835820896
28 0.4002808988764045 0.46012126865671643 0.26264044943820225 0.07789179104477612