1 0.4336376404494382 0.5918843283582089 0.13974719101123595 0.08675373134328358
8 0.7489466292134831 0.6040111940298507 0.21137640449438203 0.09328358208955224
29 0.5653089887640449 0.605410447761194 0.1502808988764045 0.08861940298507463
11 0.3458567415730337 0.6184701492537313 0.08497191011235955 0.06809701492537314
22 0.7580758426966292 0.8610074626865671 0.14676966292134833 0.10261194029850747
23 0.43679775280898875 0.867304104477612 0.22612359550561797 0.06203358208955224
26 0.37605337078651685 0.9239738805970149 0.17485955056179775 0.11007462686567164
17 0.6148174157303371 0.9489272388059702 0.2731741573033708 0.09468283582089553
7 0.5414325842696629 0.21175373134328357 0.08567415730337079 0.04757462686567164
14 0.7096207865168539 0.2196828358208955 0.11587078651685394 0.06063432835820896
19 0.8044241573033708 0.22108208955223882 0.12289325842696629 0.051305970149253734
24 0.38412921348314605 0.23041044776119404 0.1348314606741573 0.02332089552238806
27 0.5530196629213483 0.41091417910447764 0.10182584269662921 0.1259328358208955
18 0.7507022471910112 0.41324626865671643 0.07584269662921349 0.08395522388059702
15 0.4259129213483146 0.4458955223880597 0.26474719101123595 0.09888059701492537
28 0.6067415730337079 0.464785447761194 0.10814606741573034 0.05830223880597015
6 0.7650983146067416 0.46595149253731344 0.23665730337078653 0.05970149253731343