22 0.37043539325842695 0.5827891791044776 0.14396067415730338 0.10494402985074627
25 0.5203651685393258 0.5984141791044776 0.2612359550561798 0.10261194029850747
15 0.7612359550561798 0.5988805970149254 0.23314606741573032 0.0914179104477612
21 0.5747893258426966 0.851445895522388 0.1776685393258427 0.08442164179104478
0 0.7461376404494382 0.867304104477612 0.1818820224719101 0.09281716417910447
23 0.3960674157303371 0.8850279850746269 0.16292134831460675 0.09468283582089553
1 0.5923455056179775 0.9437966417910447 0.22542134831460675 0.11147388059701492
3 0.5754915730337079 0.2196828358208955 0.13412921348314608 0.048507462686567165
6 0.38588483146067415 0.22201492537313433 0.20856741573033707 0.05223880597014925
26 0.36446629213483145 0.4505597014925373 0.14185393258426968 0.08675373134328358
29 0.567064606741573 0.45242537313432835 0.21418539325842698 0.07462686567164178
19 0.7608848314606742 0.46361940298507465 0.19030898876404495 0.05783582089552239