23 0.7907303370786517 0.5914179104477612 0.14325842696629212 0.07929104477611941
28 0.4101123595505618 0.5939832089552238 0.1348314606741573 0.09001865671641791
21 0.6081460674157303 0.6040111940298507 0.17134831460674158 0.07649253731343283
12 0.40344101123595505 0.8682369402985075 0.09901685393258428 0.0732276119402985
9 0.7851123595505618 0.8777985074626866 0.19241573033707865 0.09794776119402986
10 0.5667134831460674 0.890625 0.1446629213483146 0.08069029850746269
15 0.45014044943820225 0.21222014925373134 0.2205056179775281 0.06063432835820896
29 0.7928370786516854 0.21618470149253732 0.16713483146067415 0.05923507462686567
5 0.5168539325842697 0.43470149253731344 0.15730337078651685 0.08861940298507463
7 0.44417134831460675 0.45475746268656714 0.10463483146067416 0.04477611940298507
24 0.7844101123595506 0.46338619402985076 0.14606741573033707 0.049906716417910446