2 0.711376404494382 0.5874533582089553 0.15730337078651685 0.04057835820895522
15 0.476123595505618 0.613106343283582 0.2205056179775281 0.0732276119402985
1 0.6313202247191011 0.8736007462686567 0.199438202247191 0.07462686567164178
3 0.7984550561797753 0.8908582089552238 0.13202247191011235 0.06529850746268656
10 0.42696629213483145 0.8959888059701493 0.10814606741573034 0.08582089552238806
23 0.36832865168539325 0.2042910447761194 0.14115168539325842 0.06996268656716417
4 0.8212780898876404 0.21595149253731344 0.14817415730337077 0.05317164179104478
12 0.6643258426966292 0.21665111940298507 0.11376404494382023 0.03871268656716418
24 0.5294943820224719 0.22691231343283583 0.14606741573033707 0.04057835820895522
26 0.6228932584269663 0.44449626865671643 0.11797752808988764 0.0625
8 0.7833567415730337 0.44636194029850745 0.17626404494382023 0.07462686567164178