0 0.3960674157303371 0.5960820895522388 0.17415730337078653 0.06716417910447761
26 0.5716292134831461 0.6007462686567164 0.12219101123595505 0.06716417910447761
9 0.7552668539325843 0.6117070895522388 0.1622191011235955 0.03591417910447761
5 0.7457865168539326 0.8682369402985075 0.16713483146067415 0.11054104477611941
4 0.5730337078651685 0.8791977611940298 0.15308988764044945 0.07649253731343283
15 0.40098314606741575 0.8885261194029851 0.18820224719101122 0.10727611940298508
25 0.797752808988764 0.1623134328358209 0.13904494382022473 0.16977611940298507
12 0.6688904494382022 0.21618470149253732 0.11867977528089887 0.03404850746268657
29 0.45259831460674155 0.21851679104477612 0.21137640449438203 0.05457089552238806
18 0.5347612359550562 0.4139458955223881 0.059691011235955056 0.0853544776119403
27 0.4066011235955056 0.41721082089552236 0.11376404494382023 0.13199626865671643
22 0.7626404494382022 0.4300373134328358 0.16713483146067415 0.08861940298507463
28 0.5895365168539326 0.45242537313432835 0.21839887640449437 0.07182835820895522