17 0.5393258426966292 0.4708488805970149 0.2205056179775281 0.049906716417910446
22 0.5259831460674157 0.5844216417910447 0.1306179775280899 0.11100746268656717
19 0.7008426966292135 0.5979477611940298 0.15308988764044945 0.0625
21 0.5747893258426966 0.8540111940298507 0.18328651685393257 0.08768656716417911
13 0.581811797752809 0.8740671641791045 0.16502808988764045 0.16324626865671643
11 0.3809691011235955 0.9118470149253731 0.07794943820224719 0.07649253731343283
14 0.726123595505618 0.9188432835820896 0.10814606741573034 0.08115671641791045
27 0.36797752808988765 0.17537313432835822 0.11797752808988764 0.13712686567164178
26 0.7598314606741573 0.20545708955223882 0.12780898876404495 0.06669776119402986
15 0.6028792134831461 0.21175373134328357 0.3335674157303371 0.06063432835820896
3 0.7615870786516854 0.46175373134328357 0.14115168539325842 0.05317164179104478