0 0.39747191011235955 0.5935167910447762 0.17837078651685392 0.06856343283582089
4 0.5375702247191011 0.613339552238806 0.17907303370786518 0.07182835820895522
9 0.7570224719101124 0.6194029850746269 0.1952247191011236 0.07182835820895522
15 0.7078651685393258 0.8596082089552238 0.1502808988764045 0.12126865671641791
7 0.39922752808988765 0.8729011194029851 0.1327247191011236 0.06296641791044776
26 0.5923455056179775 0.8756996268656716 0.12289325842696629 0.07789179104477612
27 0.7830056179775281 0.17537313432835822 0.1151685393258427 0.13805970149253732
29 0.5024578651685393 0.2115205223880597 0.2169943820224719 0.0648320895522388
12 0.3535814606741573 0.21641791044776118 0.11587078651685394 0.0457089552238806
25 0.3950140449438202 0.4137126865671642 0.19030898876404495 0.14365671641791045
18 0.5305477528089888 0.416044776119403 0.06952247191011236 0.0960820895522388
22 0.7580758426966292 0.4319029850746269 0.18609550561797752 0.10261194029850747
28 0.5895365168539326 0.44659514925373134 0.2324438202247191 0.0732276119402985