12 0.4220505617977528 0.6012126865671642 0.1446629213483146 0.054104477611940295
7 0.7320926966292135 0.6044776119402985 0.09199438202247191 0.05037313432835821
10 0.5955056179775281 0.6240671641791045 0.13202247191011235 0.04757462686567164
18 0.8258426966292135 0.8894589552238806 0.07162921348314606 0.12126865671641791
9 0.6471207865168539 0.8948227611940298 0.2717696629213483 0.07882462686567164
1 0.3950140449438202 0.9155783582089553 0.20154494382022473 0.10261194029850747
20 0.7889747191011236 0.16021455223880596 0.10042134831460674 0.17583955223880596
23 0.589185393258427 0.20988805970149255 0.14325842696629212 0.06809701492537314
11 0.4122191011235955 0.21898320895522388 0.0800561797752809 0.05177238805970149
27 0.7257724719101124 0.4183768656716418 0.10042134831460674 0.14458955223880596
21 0.5955056179775281 0.43656716417910446 0.14325842696629212 0.07929104477611941
29 0.4357443820224719 0.4437966417910448 0.19592696629213482 0.08628731343283583