27 0.7696629213483146 0.5652985074626866 0.11235955056179775 0.13246268656716417
21 0.4157303370786517 0.5834888059701493 0.1446629213483146 0.08861940298507463
5 0.5898876404494382 0.5862873134328358 0.16151685393258428 0.09235074626865672
20 0.6629213483146067 0.8069029850746269 0.09550561797752809 0.13992537313432835
11 0.35674157303370785 0.8694029850746269 0.07162921348314606 0.06809701492537314
18 0.37640449438202245 0.8913246268656716 0.05758426966292135 0.10820895522388059
8 0.6478230337078652 0.9228078358208955 0.22401685393258428 0.11986940298507463
7 0.7201544943820225 0.20988805970149255 0.09058988764044944 0.051305970149253734
3 0.5091292134831461 0.22318097014925373 0.1446629213483146 0.034981343283582086
13 0.3925561797752809 0.42234141791044777 0.16573033707865167 0.13666044776119404
26 0.5512640449438202 0.4468283582089552 0.13623595505617977 0.07929104477611941
28 0.7914325842696629 0.451259328358209 0.11657303370786516 0.07136194029850747
28 0.6804775280898876 0.45475746268656714 0.07443820224719101 0.055970149253731345