7 0.5800561797752809 0.5946828358208955 0.08146067415730338 0.051305970149253734
12 0.7528089887640449 0.5960820895522388 0.0997191011235955 0.051305970149253734
1 0.39360955056179775 0.609375 0.15098314606741572 0.07789179104477612
5 0.738061797752809 0.8736007462686567 0.1601123595505618 0.11194029850746269
9 0.49719101123595505 0.8791977611940298 0.2148876404494382 0.051305970149253734
20 0.5870786516853933 0.16557835820895522 0.10955056179775281 0.16324626865671643
23 0.39957865168539325 0.20662313432835822 0.18117977528089887 0.06529850746268656
10 0.7412219101123596 0.2392723880597015 0.136938202247191 0.009328358208955223
27 0.418188202247191 0.42024253731343286 0.11867977528089887 0.13805970149253732
21 0.5919943820224719 0.44053171641791045 0.14325842696629212 0.08255597014925373
29 0.7650983146067416 0.44449626865671643 0.13412921348314608 0.0625