15 0.6502808988764045 0.5499067164179104 0.26264044943820225 0.08488805970149253
21 0.36271067415730335 0.5876865671641791 0.2169943820224719 0.08861940298507463
25 0.632373595505618 0.5960820895522388 0.23665730337078653 0.08955223880597014
22 0.2875702247191011 0.8703358208955224 0.1271067415730337 0.09888059701492537
3 0.4487359550561798 0.8777985074626866 0.14325842696629212 0.06996268656716417
16 0.6804775280898876 0.8782649253731343 0.199438202247191 0.10261194029850747
18 0.4375 0.193330223880597 0.06601123595505617 0.10307835820895522
26 0.28581460674157305 0.20172574626865672 0.16292134831460675 0.07136194029850747
29 0.5414325842696629 0.21012126865671643 0.16292134831460675 0.07695895522388059
1 0.6825842696629213 0.21525186567164178 0.11938202247191011 0.05363805970149254
8 0.31741573033707865 0.41534514925373134 0.21207865168539325 0.08162313432835822
5 0.6889044943820225 0.4451958955223881 0.19101123595505617 0.09468283582089553
24 0.4824438202247191 0.45848880597014924 0.13342696629213482 0.03917910447761194