8 0.7299859550561798 0.5895522388059702 0.2169943820224719 0.08955223880597014
7 0.37254213483146065 0.6005130597014925 0.11165730337078651 0.06763059701492537
23 0.5466994382022472 0.6012126865671642 0.15098314606741572 0.06809701492537314
20 0.5965589887640449 0.8190298507462687 0.10323033707865169 0.1501865671641791
13 0.3904494382022472 0.8610074626865671 0.15589887640449437 0.14272388059701493
0 0.730688202247191 0.8656716417910447 0.17626404494382023 0.09328358208955224
1 0.545997191011236 0.9111473880597015 0.2169943820224719 0.07975746268656717
20 0.7327949438202247 0.1707089552238806 0.09901685393258428 0.15485074626865672
27 0.3493679775280899 0.17537313432835822 0.09901685393258428 0.1287313432835821
6 0.5028089887640449 0.22154850746268656 0.22191011235955055 0.051305970149253734
28 0.6903089887640449 0.45242537313432835 0.07584269662921349 0.05223880597014925
26 0.36271067415730335 0.4542910447761194 0.13834269662921347 0.08022388059701492
29 0.5607443820224719 0.45615671641791045 0.21839887640449437 0.06996268656716417