27 0.5340589887640449 0.5706623134328358 0.10884831460674158 0.1310634328358209
5 0.3732443820224719 0.5986473880597015 0.16924157303370788 0.09468283582089553
1 0.6808286516853933 0.6126399253731343 0.1931179775280899 0.06949626865671642
22 0.6822331460674157 0.8705690298507462 0.13834269662921347 0.12733208955223882
21 0.5410814606741573 0.8736007462686567 0.13974719101123595 0.11194029850746269
0 0.7981039325842697 0.8738339552238806 0.12851123595505617 0.1310634328358209
19 0.3637640449438202 0.8812966417910447 0.13764044943820225 0.07975746268656717
29 0.3929073033707865 0.20172574626865672 0.19452247191011235 0.07695895522388059
25 0.7285814606741573 0.20242537313432835 0.24648876404494383 0.0830223880597015
15 0.538623595505618 0.21478544776119404 0.1699438202247191 0.05830223880597015
23 0.7201544943820225 0.449160447761194 0.11867977528089887 0.055970149253731345
7 0.6278089887640449 0.45778917910447764 0.1446629213483146 0.05923507462686567
16 0.39571629213483145 0.4624533582089552 0.1875 0.05457089552238806