21 0.7345505617977528 0.5813899253731343 0.1446629213483146 0.0732276119402985
24 0.38974719101123595 0.6021455223880597 0.13764044943820225 0.05783582089552239
10 0.5800561797752809 0.6240671641791045 0.22191011235955055 0.04197761194029851
20 0.6724016853932584 0.8120335820895522 0.08216292134831461 0.15858208955223882
20 0.5726825842696629 0.8134328358208955 0.08918539325842696 0.15764925373134328
22 0.797752808988764 0.8836287313432836 0.15308988764044945 0.12546641791044777
15 0.4125702247191011 0.8887593283582089 0.20014044943820225 0.12453358208955224
13 0.6172752808988764 0.1970615671641791 0.15168539325842698 0.09561567164179105
12 0.788623595505618 0.22224813432835822 0.14325842696629212 0.049906716417910446
4 0.4143258426966292 0.22294776119402984 0.12219101123595505 0.04664179104477612
7 0.6485252808988764 0.447294776119403 0.10463483146067416 0.05690298507462686
1 0.7865168539325843 0.45242537313432835 0.17837078651685392 0.05970149253731343
9 0.4413623595505618 0.45802238805970147 0.1875 0.055970149253731345