27 0.7485955056179775 0.5650652985074627 0.10814606741573034 0.13199626865671643
13 0.32724719101123595 0.5867537313432836 0.13764044943820225 0.1166044776119403
24 0.6042837078651685 0.6138059701492538 0.12570224719101122 0.04011194029850746
20 0.639747191011236 0.8111007462686567 0.08848314606741572 0.15485074626865672
18 0.3265449438202247 0.8425839552238806 0.05196629213483146 0.10027985074626866
2 0.5969101123595506 0.9020522388059702 0.2598314606741573 0.07835820895522388
23 0.36446629213483145 0.9249067164179104 0.16573033707865167 0.12126865671641791
13 0.32865168539325845 0.1728078358208955 0.15870786516853932 0.15065298507462688
5 0.4936797752808989 0.20382462686567165 0.19382022471910113 0.07835820895522388
29 0.7341994382022472 0.21431902985074627 0.19592696629213482 0.06763059701492537
7 0.6885533707865169 0.4449626865671642 0.11867977528089887 0.05690298507462686
26 0.39009831460674155 0.44822761194029853 0.13974719101123595 0.08022388059701492