29 0.5797050561797753 0.5953824626865671 0.14817415730337077 0.05923507462686567
0 0.43820224719101125 0.5956156716417911 0.0898876404494382 0.06529850746268656
4 0.8037219101123596 0.5993470149253731 0.15379213483146068 0.06063432835820896
21 0.7120786516853933 0.8451492537313433 0.13202247191011235 0.08861940298507463
27 0.4431179775280899 0.8596082089552238 0.10674157303370786 0.14272388059701493
13 0.7837078651685393 0.19053171641791045 0.0997191011235955 0.09468283582089553
28 0.5726825842696629 0.208955223880597 0.13412921348314608 0.06996268656716417
27 0.43223314606741575 0.4085820895522388 0.10463483146067416 0.12406716417910447
18 0.5681179775280899 0.4197761194029851 0.06882022471910113 0.10914179104477612
12 0.6724016853932584 0.4454291044776119 0.1271067415730337 0.048507462686567165
11 0.461376404494382 0.4552238805970149 0.0898876404494382 0.0625