0 0.3950140449438202 0.5946828358208955 0.18047752808988765 0.0708955223880597
26 0.5716292134831461 0.5963152985074627 0.13342696629213482 0.07136194029850747
9 0.7580758426966292 0.6166044776119403 0.19873595505617977 0.06996268656716417
5 0.7394662921348315 0.8654384328358209 0.15730337078651685 0.10867537313432836
4 0.5635533707865169 0.878731343283582 0.15941011235955055 0.08115671641791045
15 0.3950140449438202 0.8922574626865671 0.17907303370786518 0.11007462686567164
27 0.7794943820224719 0.17374067164179105 0.1151685393258427 0.14225746268656717
12 0.35252808988764045 0.21571828358208955 0.11938202247191011 0.04617537313432836
29 0.5014044943820225 0.21875 0.21207865168539325 0.048507462686567165
25 0.3883426966292135 0.410214552238806 0.18398876404494383 0.14972014925373134
18 0.5333567415730337 0.4183768656716418 0.06530898876404495 0.10167910447761194
22 0.7524578651685393 0.43260261194029853 0.18047752808988765 0.10401119402985075
28 0.5898876404494382 0.44659514925373134 0.23595505617977527 0.07602611940298508