16 0.7457865168539326 0.46781716417910446 0.18117977528089887 0.0625
13 0.46629213483146065 0.5529384328358209 0.1348314606741573 0.11800373134328358
23 0.5811095505617978 0.6042444029850746 0.1678370786516854 0.09001865671641791
1 0.3746488764044944 0.6063432835820896 0.16643258426966293 0.08955223880597014
26 0.504564606741573 0.8680037313432836 0.16502808988764045 0.10074626865671642
19 0.34831460674157305 0.8808302238805971 0.125 0.08255597014925373
2 0.7552668539325843 0.8831623134328358 0.2029494382022472 0.09001865671641791
27 0.386938202247191 0.16954291044776118 0.10814606741573034 0.14319029850746268
13 0.8037219101123596 0.1947294776119403 0.12570224719101122 0.10401119402985075
29 0.5354634831460674 0.21571828358208955 0.17064606741573032 0.060167910447761194
20 0.5944522471910112 0.40298507462686567 0.1327247191011236 0.17723880597014927
25 0.4101123595505618 0.45149253731343286 0.2612359550561798 0.09794776119402986