8 0.43609550561797755 0.5904850746268657 0.19101123595505617 0.07835820895522388
9 0.7872191011235955 0.6063432835820896 0.16573033707865167 0.049440298507462684
4 0.6309691011235955 0.6119402985074627 0.1523876404494382 0.06436567164179105
15 0.6478230337078652 0.8353544776119403 0.18469101123595505 0.10727611940298508
13 0.4940308988764045 0.8372201492537313 0.10182584269662921 0.12406716417910447
29 0.7830056179775281 0.914179104477612 0.15168539325842698 0.07276119402985075
23 0.7938904494382022 0.21828358208955223 0.15379213483146068 0.055970149253731345
12 0.44276685393258425 0.22154850746268656 0.14817415730337077 0.04757462686567164
24 0.6660814606741573 0.22667910447761194 0.15098314606741572 0.033582089552238806
20 0.7370084269662921 0.39715485074626866 0.10323033707865169 0.14972014925373134
22 0.793188202247191 0.43796641791044777 0.15379213483146068 0.09421641791044776
16 0.44978932584269665 0.4556902985074627 0.19592696629213482 0.049440298507462684
19 0.6485252808988764 0.458955223880597 0.12991573033707865 0.048507462686567165