6 0.7492977528089888 0.4666511194029851 0.2696629213483146 0.05830223880597015
1 0.43223314606741575 0.5895522388059702 0.14676966292134833 0.10074626865671642
8 0.7556179775280899 0.6044776119402985 0.19382022471910113 0.09421641791044776
29 0.5603932584269663 0.6051772388059702 0.1544943820224719 0.08162313432835822
11 0.34620786516853935 0.6161380597014925 0.08146067415730338 0.06996268656716417
22 0.7461376404494382 0.8603078358208955 0.1327247191011236 0.11333955223880597
23 0.480688202247191 0.8684701492537313 0.15098314606741572 0.06063432835820896
5 0.35884831460674155 0.8980876865671642 0.18679775280898878 0.11800373134328358
17 0.6018258426966292 0.9440298507462687 0.2247191011235955 0.0914179104477612
25 0.3690308988764045 0.1865671641791045 0.25912921348314605 0.12126865671641791
14 0.6885533707865169 0.21478544776119404 0.0976123595505618 0.057369402985074626
19 0.7889747191011236 0.22411380597014927 0.14396067415730338 0.0480410447761194
24 0.5695224719101124 0.2306436567164179 0.14606741573033707 0.03871268656716418
18 0.35252808988764045 0.40694962686567165 0.05758426966292135 0.08069029850746269
27 0.5519662921348315 0.4139458955223881 0.11376404494382023 0.13199626865671643
7 0.39360955056179775 0.45475746268656714 0.12570224719101122 0.055970149253731345