6 0.6232443820224719 0.474580223880597 0.11165730337078651 0.034981343283582086
5 0.6292134831460674 0.5564365671641791 0.15168539325842698 0.051305970149253734
26 0.40695224719101125 0.5718283582089553 0.14676966292134833 0.06529850746268656
11 0.7714185393258427 0.5879197761194029 0.06952247191011236 0.05363805970149254
21 0.6429073033707865 0.597481343283582 0.2029494382022472 0.0914179104477612
24 0.4174859550561798 0.6254664179104478 0.1678370786516854 0.04197761194029851
14 0.819873595505618 0.6261660447761194 0.12570224719101122 0.05830223880597015
20 0.6850421348314607 0.8192630597014925 0.0976123595505618 0.1571828358208955
3 0.53125 0.8313899253731343 0.10323033707865169 0.04897388059701493
27 0.7787921348314607 0.832089552238806 0.10112359550561797 0.11100746268656717
23 0.40168539325842695 0.8500466417910447 0.14185393258426968 0.09001865671641791
1 0.5754915730337079 0.8852611940298507 0.18609550561797752 0.08768656716417911
8 0.7682584269662921 0.917910447761194 0.21348314606741572 0.11473880597014925
19 0.36200842696629215 0.9284048507462687 0.15379213483146068 0.08162313432835822
17 0.5554775280898876 0.9526585820895522 0.19382022471910113 0.06763059701492537
25 0.34094101123595505 0.1609141791044776 0.17485955056179775 0.17723880597014927
22 0.6678370786516854 0.17887126865671643 0.11657303370786516 0.049906716417910446
27 0.7830056179775281 0.18236940298507462 0.09550561797752809 0.12779850746268656
18 0.8325140449438202 0.18889925373134328 0.07092696629213484 0.1166044776119403
28 0.6611657303370787 0.2077891791044776 0.28019662921348315 0.07695895522388059
29 0.48174157303370785 0.21361940298507462 0.15730337078651685 0.054104477611940295
13 0.5126404494382022 0.4123134328358209 0.13904494382022473 0.1287313432835821
15 0.7759831460674157 0.4181436567164179 0.17837078651685392 0.1553171641791045
13 0.6390449438202247 0.42140858208955223 0.1446629213483146 0.08815298507462686
0 0.3981741573033708 0.44286380597014924 0.17696629213483145 0.05083955223880597
7 0.4202949438202247 0.45219216417910446 0.1327247191011236 0.05550373134328358
6 0.742626404494382 0.4603544776119403 0.12289325842696629 0.06902985074626866