24 0.7777387640449438 0.4685167910447761 0.12991573033707865 0.03871268656716418
13 0.40554775280898875 0.5618003731343284 0.1580056179775281 0.11333955223880597
8 0.7556179775280899 0.6077425373134329 0.20084269662921347 0.08861940298507463
21 0.36025280898876405 0.6091417910447762 0.15168539325842698 0.0960820895522388
6 0.5519662921348315 0.6161380597014925 0.22191011235955055 0.0708955223880597
13 0.6253511235955056 0.8563432835820896 0.15379213483146068 0.11473880597014925
1 0.7907303370786517 0.875 0.16713483146067415 0.12406716417910447
17 0.4044943820224719 0.9036847014925373 0.21207865168539325 0.0853544776119403
26 0.7988061797752809 0.20265858208955223 0.15379213483146068 0.07602611940298508
7 0.589185393258427 0.2138526119402985 0.0997191011235955 0.049906716417910446
25 0.3714887640449438 0.4351679104477612 0.24719101123595505 0.13526119402985073