13 0.35428370786516855 0.5806902985074627 0.08918539325842696 0.11567164179104478
26 0.5094803370786517 0.5951492537313433 0.12851123595505617 0.08115671641791045
10 0.7475421348314607 0.6089085820895522 0.12148876404494383 0.04710820895522388
27 0.5572331460674157 0.8299906716417911 0.10323033707865169 0.13666044776119404
29 0.6945224719101124 0.8605410447761194 0.17415730337078653 0.07555970149253731
27 0.4006320224719101 0.867070895522388 0.11587078651685394 0.13246268656716417
0 0.4195926966292135 0.21128731343283583 0.20014044943820225 0.06436567164179105
15 0.6232443820224719 0.2178171641791045 0.20014044943820225 0.051305970149253734
19 0.7798455056179775 0.2234141791044776 0.12851123595505617 0.03917910447761194
4 0.5835674157303371 0.45359141791044777 0.14887640449438203 0.06203358208955224
16 0.39571629213483145 0.45615671641791045 0.1776685393258427 0.06436567164179105
6 0.7373595505617978 0.4610541044776119 0.15589887640449437 0.05923507462686567