6 0.34445224719101125 0.46805037313432835 0.18328651685393257 0.06203358208955224
22 0.5087780898876404 0.5867537313432836 0.13132022471910113 0.09794776119402986
5 0.7278792134831461 0.5928171641791045 0.17626404494382023 0.09888059701492537
19 0.7166432584269663 0.8729011194029851 0.05547752808988764 0.04057835820895522
0 0.6063904494382022 0.8819962686567164 0.10603932584269662 0.10354477611940298
29 0.40519662921348315 0.8831623134328358 0.18398876404494383 0.08069029850746269
19 0.8040730337078652 0.8845615671641791 0.08707865168539326 0.07789179104477612
0 0.7471910112359551 0.9090485074626866 0.09269662921348315 0.06436567164179105
8 0.7661516853932584 0.20289179104477612 0.2148876404494382 0.08395522388059702
3 0.35252808988764045 0.22411380597014927 0.1348314606741573 0.039645522388059705
24 0.5098314606741573 0.2297108208955224 0.14185393258426968 0.03404850746268657
26 0.3771067415730337 0.43703358208955223 0.12078651685393259 0.07276119402985075
7 0.514747191011236 0.45149253731343286 0.10814606741573034 0.055970149253731345
14 0.6867977528089888 0.4528917910447761 0.10814606741573034 0.05690298507462686
11 0.7907303370786517 0.45615671641791045 0.07865168539325842 0.06529850746268656