26 0.39782303370786515 0.5953824626865671 0.12991573033707865 0.08255597014925373
28 0.7819522471910112 0.5979477611940298 0.17626404494382023 0.07462686567164178
21 0.5586376404494382 0.6026119402985075 0.15941011235955055 0.07649253731343283
4 0.4083567415730337 0.8703358208955224 0.14957865168539325 0.08675373134328358
22 0.6032303370786517 0.8824626865671642 0.20084269662921347 0.10541044776119403
9 0.7717696629213483 0.8875932835820896 0.2050561797752809 0.1044776119402985
13 0.44803370786516855 0.1814365671641791 0.12219101123595505 0.12686567164179105
11 0.3648174157303371 0.21315298507462688 0.08356741573033707 0.061567164179104475
15 0.6099016853932584 0.21618470149253732 0.14957865168539325 0.06949626865671642
0 0.7844101123595506 0.21688432835820895 0.10955056179775281 0.06436567164179105
20 0.7823033707865169 0.3962220149253731 0.09269662921348315 0.14972014925373134
7 0.6158707865168539 0.4505597014925373 0.1306179775280899 0.054104477611940295
12 0.3862359550561798 0.46175373134328357 0.12078651685393259 0.06623134328358209