10 0.3964185393258427 0.472714552238806 0.11867977528089887 0.03311567164179104
23 0.4905196629213483 0.5823227611940298 0.1523876404494382 0.07602611940298508
28 0.7633426966292135 0.5949160447761194 0.17837078651685392 0.09375
21 0.589185393258427 0.6012126865671642 0.15730337078651685 0.07742537313432836
7 0.42134831460674155 0.6051772388059702 0.125 0.06296641791044776
26 0.5344101123595506 0.8507462686567164 0.14606741573033707 0.09235074626865672
15 0.7198033707865169 0.871035447761194 0.2556179775280899 0.10401119402985075
4 0.3964185393258427 0.8743003731343284 0.1327247191011236 0.08722014925373134
13 0.7966994382022472 0.19286380597014927 0.10603932584269662 0.11147388059701492
24 0.6797752808988764 0.22924440298507462 0.13904494382022473 0.02751865671641791
18 0.7478932584269663 0.42094216417910446 0.05758426966292135 0.1021455223880597
11 0.5768960674157303 0.44636194029850745 0.07654494382022473 0.06716417910447761
25 0.702247191011236 0.453125 0.28230337078651685 0.06856343283582089