23 0.7851123595505618 0.5944496268656716 0.1446629213483146 0.08162313432835822
28 0.40730337078651685 0.5986473880597015 0.12780898876404495 0.09375
29 0.6285112359550562 0.6044776119402985 0.14185393258426968 0.07276119402985075
12 0.41327247191011235 0.8675373134328358 0.1074438202247191 0.07369402985074627
9 0.7679073033707865 0.8708022388059702 0.16081460674157302 0.08115671641791045
5 0.644311797752809 0.20102611940298507 0.16643258426966293 0.08488805970149253
15 0.45014044943820225 0.20872201492537312 0.22331460674157302 0.05923507462686567
21 0.7935393258426966 0.21058768656716417 0.16713483146067415 0.06669776119402986
27 0.6495786516853933 0.417910447761194 0.11376404494382023 0.1287313432835821
7 0.4410112359550562 0.4542910447761194 0.10252808988764045 0.05223880597014925
24 0.7833567415730337 0.46455223880597013 0.1580056179775281 0.033582089552238806