8 0.5442415730337079 0.5844216417910447 0.25 0.0830223880597015
9 0.7872191011235955 0.6063432835820896 0.16573033707865167 0.049440298507462684
15 0.6478230337078652 0.8353544776119403 0.18469101123595505 0.10727611940298508
13 0.5038623595505618 0.8638059701492538 0.12991573033707865 0.12686567164179105
4 0.39115168539325845 0.8843283582089553 0.14185393258426968 0.08675373134328358
21 0.7036516853932584 0.8936567164179104 0.1502808988764045 0.07649253731343283
23 0.5368679775280899 0.21175373134328357 0.1931179775280899 0.05783582089552239
12 0.37991573033707865 0.21548507462686567 0.1151685393258427 0.04664179104477612
24 0.7917837078651685 0.22761194029850745 0.17485955056179775 0.033582089552238806
20 0.7370084269662921 0.39715485074626866 0.10323033707865169 0.14972014925373134
29 0.41292134831460675 0.4528917910447761 0.15308988764044945 0.06623134328358209
7 0.8128511235955056 0.4552238805970149 0.136938202247191 0.055970149253731345
16 0.5972612359550562 0.4612873134328358 0.19592696629213482 0.049440298507462684