27 0.4841994382022472 0.5636660447761194 0.10603932584269662 0.13852611940298507
26 0.6467696629213483 0.5986473880597015 0.17696629213483145 0.07136194029850747
10 0.8044241573033708 0.6203358208955224 0.12008426966292135 0.055970149253731345
15 0.4648876404494382 0.8166977611940298 0.19803370786516855 0.0914179104477612
24 0.7464887640449438 0.8743003731343284 0.14325842696629212 0.06389925373134328
29 0.5754915730337079 0.8969216417910447 0.17626404494382023 0.07462686567164178
5 0.41151685393258425 0.2021921641791045 0.17134831460674158 0.08722014925373134
4 0.8153089887640449 0.21665111940298507 0.20224719101123595 0.06389925373134328
18 0.5962078651685393 0.427705223880597 0.07162921348314606 0.11194029850746269
23 0.7837078651685393 0.4470615671641791 0.16713483146067415 0.0732276119402985
6 0.43504213483146065 0.45988805970149255 0.19030898876404495 0.043843283582089554