0 0.5695224719101124 0.5757929104477612 0.07865168539325842 0.05177238805970149
15 0.4101123595505618 0.601445895522388 0.22331460674157302 0.07789179104477612
9 0.7798455056179775 0.6084421641791045 0.21558988764044945 0.07509328358208955
1 0.45259831460674155 0.8717350746268657 0.17907303370786518 0.0960820895522388
2 0.5814606741573034 0.8957555970149254 0.26685393258426965 0.08722014925373134
10 0.7924859550561798 0.9004197761194029 0.14115168539325842 0.08348880597014925
23 0.766502808988764 0.20825559701492538 0.21137640449438203 0.06949626865671642
26 0.38412921348314605 0.21012126865671643 0.14325842696629212 0.0648320895522388
7 0.5470505617977528 0.21571828358208955 0.14185393258426968 0.052705223880597014
8 0.7510533707865169 0.4400652985074627 0.18890449438202248 0.08815298507462686
4 0.40941011235955055 0.4470615671641791 0.16573033707865167 0.05923507462686567
12 0.5337078651685393 0.4542910447761194 0.1306179775280899 0.05503731343283582