6 0.6267556179775281 0.47364738805970147 0.11165730337078651 0.034981343283582086
5 0.7120786516853933 0.5867537313432836 0.17415730337078653 0.09328358208955224
1 0.5502106741573034 0.6023787313432836 0.20997191011235955 0.09375
11 0.3532303370786517 0.6061100746268657 0.0800561797752809 0.0648320895522388
22 0.7591292134831461 0.8726679104477612 0.1404494382022472 0.1166044776119403
28 0.5783005617977528 0.8871268656716418 0.13974719101123595 0.1333955223880597
23 0.37254213483146065 0.8880597014925373 0.17345505617977527 0.11380597014925373
25 0.3574438202247191 0.16044776119402984 0.18398876404494383 0.16884328358208955
7 0.5172050561797753 0.21665111940298507 0.09199438202247191 0.044309701492537316
14 0.8023174157303371 0.21898320895522388 0.11025280898876405 0.04617537313432836
24 0.6759129213483146 0.23041044776119404 0.136938202247191 0.026119402985074626
15 0.7872191011235955 0.4197761194029851 0.15168539325842698 0.13992537313432835
18 0.3398876404494382 0.4351679104477612 0.060393258426966294 0.11473880597014925
26 0.5737359550561798 0.44239738805970147 0.12078651685393259 0.09188432835820895
29 0.4452247191011236 0.44846082089552236 0.15589887640449437 0.06389925373134328
6 0.7475421348314607 0.4591884328358209 0.1327247191011236 0.06763059701492537