17 0.7475421348314607 0.4673507462686567 0.2535112359550562 0.04197761194029851
3 0.3574438202247191 0.47154850746268656 0.12921348314606743 0.048507462686567165
7 0.5340589887640449 0.597481343283582 0.13974719101123595 0.061567164179104475
8 0.7521067415730337 0.605410447761194 0.20084269662921347 0.08861940298507463
23 0.7682584269662921 0.8777985074626866 0.16292134831460675 0.0960820895522388
19 0.507373595505618 0.8831623134328358 0.14536516853932585 0.08815298507462686
6 0.3767556179775281 0.8850279850746269 0.1875 0.12360074626865672
28 0.6200842696629213 0.9071828358208955 0.19382022471910113 0.15391791044776118
27 0.773876404494382 0.17863805970149255 0.125 0.12126865671641791
26 0.4371488764044944 0.20569029850746268 0.16081460674157302 0.07929104477611941
29 0.6190308988764045 0.21525186567164178 0.1622191011235955 0.06669776119402986
15 0.4511938202247191 0.44169776119402987 0.2731741573033708 0.07276119402985075