7 0.5305477528089888 0.5967817164179104 0.1425561797752809 0.05830223880597015
20 0.3809691011235955 0.5981809701492538 0.0976123595505618 0.09468283582089553
12 0.7299859550561798 0.5998134328358209 0.12570224719101122 0.06623134328358209
28 0.7429775280898876 0.8805970149253731 0.18820224719101122 0.12406716417910447
0 0.5221207865168539 0.8871268656716418 0.16924157303370788 0.09981343283582089
23 0.3686797752808989 0.8938899253731343 0.1446629213483146 0.08628731343283583
25 0.4413623595505618 0.21222014925373134 0.23946629213483145 0.06809701492537314
29 0.6818820224719101 0.21851679104477612 0.1601123595505618 0.060167910447761194
3 0.7984550561797753 0.22178171641791045 0.16151685393258428 0.04337686567164179
27 0.3964185393258427 0.4085820895522388 0.11306179775280899 0.12126865671641791
26 0.504564606741573 0.4545242537313433 0.12851123595505617 0.06669776119402986
16 0.6938202247191011 0.4608208955223881 0.199438202247191 0.05503731343283582