6 0.6190308988764045 0.472714552238806 0.10603932584269662 0.034981343283582086
13 0.42696629213483145 0.5699626865671642 0.1446629213483146 0.12406716417910447
5 0.5783005617977528 0.574393656716418 0.14817415730337077 0.09001865671641791
11 0.7682584269662921 0.5881529850746269 0.06601123595505617 0.061567164179104475
21 0.6513342696629213 0.597481343283582 0.20997191011235955 0.08675373134328358
24 0.4066011235955056 0.6231343283582089 0.1699438202247191 0.030783582089552237
14 0.8191713483146067 0.6238339552238806 0.11446629213483146 0.05830223880597015
20 0.7608848314606742 0.8269589552238806 0.09199438202247191 0.15858208955223882
3 0.5516151685393258 0.8306902985074627 0.10463483146067416 0.05690298507462686
23 0.40308988764044945 0.8491138059701493 0.1446629213483146 0.0853544776119403
20 0.8058286516853933 0.8528451492537313 0.0976123595505618 0.17117537313432835
27 0.6716994382022472 0.8621735074626866 0.10603932584269662 0.13852611940298507
16 0.5249297752808989 0.9064832089552238 0.16924157303370788 0.08069029850746269
1 0.7756320224719101 0.9193097014925373 0.2071629213483146 0.11847014925373134
19 0.3637640449438202 0.9249067164179104 0.14325842696629212 0.07929104477611941
25 0.34269662921348315 0.15881529850746268 0.16432584269662923 0.17024253731343283
27 0.7830056179775281 0.1767723880597015 0.10112359550561797 0.1259328358208955
22 0.6692415730337079 0.1802705223880597 0.10814606741573034 0.045242537313432835
18 0.8314606741573034 0.18610074626865672 0.06601123595505617 0.11100746268656717
28 0.6646769662921348 0.20825559701492538 0.24508426966292135 0.07975746268656717
29 0.48560393258426965 0.21735074626865672 0.15379213483146068 0.05223880597014925
15 0.7794943820224719 0.41697761194029853 0.15308988764044945 0.14085820895522388
0 0.4027387640449438 0.4388992537313433 0.16643258426966293 0.05690298507462686
26 0.567064606741573 0.4388992537313433 0.12991573033707865 0.07276119402985075
7 0.42275280898876405 0.45475746268656714 0.1502808988764045 0.05783582089552239
6 0.7450842696629213 0.4587220149253731 0.1348314606741573 0.06389925373134328