29 0.6959269662921348 0.5881529850746269 0.1502808988764045 0.06716417910447761
12 0.4533005617977528 0.5953824626865671 0.10463483146067416 0.04337686567164179
23 0.5249297752808989 0.8488805970149254 0.1678370786516854 0.0625
16 0.7401685393258427 0.8838619402985075 0.2050561797752809 0.07929104477611941
1 0.39747191011235955 0.8871268656716418 0.15168539325842698 0.07929104477611941
4 0.5635533707865169 0.9235074626865671 0.13412921348314608 0.09048507462686567
21 0.5214185393258427 0.2068563432835821 0.1622191011235955 0.07789179104477612
19 0.8068820224719101 0.22201492537313433 0.12780898876404495 0.049440298507462684
10 0.38939606741573035 0.2353078358208955 0.11306179775280899 0.00792910447761194
22 0.43258426966292135 0.43306902985074625 0.13904494382022473 0.10121268656716417
6 0.7457865168539326 0.4542910447761194 0.2401685393258427 0.051305970149253734