27 0.547752808988764 0.5657649253731343 0.10533707865168539 0.13246268656716417
8 0.7194522471910112 0.5918843283582089 0.21137640449438203 0.09421641791044776
9 0.40554775280898875 0.6044776119402985 0.1678370786516854 0.061567164179104475
26 0.6910112359550562 0.8619402985074627 0.12780898876404495 0.09981343283582089
29 0.5600421348314607 0.8717350746268657 0.12570224719101122 0.08955223880597014
2 0.4058988764044944 0.8899253731343284 0.13623595505617977 0.07462686567164178
25 0.4104634831460674 0.20662313432835822 0.27598314606741575 0.0708955223880597
0 0.6393960674157303 0.21082089552238806 0.18890449438202248 0.06716417910447761
19 0.7981039325842697 0.2236473880597015 0.1172752808988764 0.039645522388059705
16 0.3981741573033708 0.4554570895522388 0.175561797752809 0.0648320895522388
23 0.5821629213483146 0.46012126865671643 0.1502808988764045 0.052705223880597014
6 0.7384129213483146 0.4603544776119403 0.15519662921348315 0.058768656716417914