1 0.42661516853932585 0.5960820895522388 0.1678370786516854 0.09794776119402986
8 0.7489466292134831 0.6044776119402985 0.20435393258426968 0.09421641791044776
29 0.5575842696629213 0.6068097014925373 0.15589887640449437 0.08488805970149253
22 0.7552668539325843 0.8638059701492538 0.14676966292134833 0.11847014925373134
23 0.4803370786516854 0.8654384328358209 0.14887640449438203 0.07416044776119403
5 0.36587078651685395 0.9020522388059702 0.17275280898876405 0.1259328358208955
25 0.37254213483146065 0.18680037313432835 0.24508426966292135 0.1142723880597015
14 0.6910112359550562 0.21805037313432835 0.1151685393258427 0.057369402985074626
19 0.7949438202247191 0.22108208955223882 0.13623595505617977 0.03544776119402985
24 0.5656601123595506 0.2297108208955224 0.136938202247191 0.02751865671641791
18 0.3595505617977528 0.41907649253731344 0.06320224719101124 0.1021455223880597
26 0.586376404494382 0.4395988805970149 0.13342696629213482 0.08069029850746269
0 0.7169943820224719 0.453125 0.1544943820224719 0.07229477611940298
7 0.40941011235955055 0.4554570895522388 0.12921348314606743 0.05923507462686567