29 0.7257724719101124 0.589785447761194 0.14115168539325842 0.08069029850746269
13 0.5797050561797753 0.5911847014925373 0.16502808988764045 0.10401119402985075
25 0.4006320224719101 0.6077425373134329 0.25912921348314605 0.08395522388059702
5 0.6875 0.8290578358208955 0.14887640449438203 0.10121268656716417
2 0.37956460674157305 0.8875932835820896 0.18328651685393257 0.0960820895522388
6 0.7629915730337079 0.9039179104477612 0.1931179775280899 0.10914179104477612
27 0.5898876404494382 0.18306902985074627 0.11797752808988764 0.12173507462686567
7 0.38412921348314605 0.2077891791044776 0.15589887640449437 0.05363805970149254
8 0.7556179775280899 0.208955223880597 0.20926966292134833 0.0830223880597015
18 0.3514747191011236 0.421875 0.05688202247191011 0.10121268656716417
21 0.7106741573033708 0.43796641791044777 0.19803370786516855 0.08675373134328358
28 0.5438904494382022 0.44892723880597013 0.22120786516853932 0.09188432835820895
11 0.7531601123595506 0.46198694029850745 0.07794943820224719 0.06296641791044776
24 0.3377808988764045 0.46455223880597013 0.1348314606741573 0.03731343283582089