3 0.5158005617977528 0.46828358208955223 0.14957865168539325 0.03544776119402985
18 0.5909410112359551 0.5895522388059702 0.07654494382022473 0.11007462686567164
2 0.4118679775280899 0.5918843283582089 0.16643258426966293 0.058768656716417914
12 0.7672050561797753 0.5998134328358209 0.10603932584269662 0.05783582089552239
26 0.7531601123595506 0.8561100746268657 0.12570224719101122 0.0853544776119403
8 0.5702247191011236 0.8607742537313433 0.23876404494382023 0.09188432835820895
23 0.7166432584269663 0.2140858208955224 0.1818820224719101 0.05690298507462686
11 0.831811797752809 0.2140858208955224 0.08216292134831461 0.05503731343283582
20 0.7450842696629213 0.3985541044776119 0.11376404494382023 0.06856343283582089
13 0.3809691011235955 0.4295708955223881 0.11446629213483146 0.11287313432835822
20 0.7422752808988764 0.4603544776119403 0.10674157303370786 0.06063432835820896