13 0.5846207865168539 0.5904850746268657 0.15098314606741572 0.10261194029850747
29 0.7303370786516854 0.5916511194029851 0.14325842696629212 0.07789179104477612
15 0.38764044943820225 0.6082089552238806 0.2542134831460674 0.0914179104477612
5 0.6945224719101124 0.836054104477612 0.1601123595505618 0.10680970149253731
2 0.3848314606741573 0.8838619402985075 0.16151685393258428 0.08861940298507463
7 0.5986657303370787 0.8875932835820896 0.11165730337078651 0.06996268656716417
27 0.34445224719101125 0.17933768656716417 0.11165730337078651 0.14132462686567165
27 0.5972612359550562 0.18586753731343283 0.12570224719101122 0.13199626865671643
8 0.7566713483146067 0.2042910447761194 0.20997191011235955 0.07929104477611941
0 0.4683988764044944 0.21851679104477612 0.1699438202247191 0.05923507462686567
21 0.7015449438202247 0.4372667910447761 0.19382022471910113 0.08722014925373134
6 0.5301966292134831 0.4612873134328358 0.19241573033707865 0.05970149253731343
24 0.3553370786516854 0.46222014925373134 0.13764044943820225 0.04197761194029851
11 0.7566713483146067 0.4631529850746269 0.08497191011235955 0.07462686567164178