8 0.45962078651685395 0.59375 0.19030898876404495 0.08488805970149253
4 0.8023174157303371 0.6044776119402985 0.1776685393258427 0.06529850746268656
9 0.629564606741573 0.6058768656716418 0.15098314606741572 0.05037313432835821
15 0.7447331460674157 0.8194962686567164 0.20435393258426968 0.12220149253731344
22 0.44417134831460675 0.8507462686567164 0.14115168539325842 0.11473880597014925
21 0.5955056179775281 0.8777985074626866 0.1502808988764045 0.07649253731343283
18 0.47015449438202245 0.1935634328358209 0.059691011235955056 0.0960820895522388
29 0.601123595505618 0.2103544776119403 0.15308988764044945 0.06623134328358209
26 0.7798455056179775 0.21175373134328357 0.12991573033707865 0.06529850746268656
20 0.4234550561797753 0.3892257462686567 0.08286516853932584 0.13386194029850745
25 0.8339185393258427 0.41487873134328357 0.18047752808988765 0.14225746268656717
13 0.5161516853932584 0.42677238805970147 0.10112359550561797 0.10541044776119403
12 0.4020365168539326 0.45242537313432835 0.10323033707865169 0.05223880597014925
16 0.6530898876404494 0.46222014925373134 0.18398876404494383 0.051305970149253734