8 0.7601825842696629 0.5965485074626866 0.2071629213483146 0.10261194029850747
2 0.4669943820224719 0.6072761194029851 0.27668539325842695 0.06063432835820896
9 0.7324438202247191 0.8719682835820896 0.2345505617977528 0.10027985074626866
16 0.40133426966292135 0.8801305970149254 0.1818820224719101 0.09794776119402986
10 0.5284410112359551 0.8861940298507462 0.10323033707865169 0.08022388059701492
18 0.3714887640449438 0.19496268656716417 0.05898876404494382 0.09514925373134328
22 0.7408707865168539 0.19776119402985073 0.19101123595505617 0.08208955223880597
7 0.5084269662921348 0.21525186567164178 0.08848314606741572 0.05083955223880597
12 0.7682584269662921 0.21595149253731344 0.16151685393258428 0.05037313432835821
25 0.37254213483146065 0.4181436567164179 0.17485955056179775 0.1394589552238806
15 0.7742275280898876 0.457089552238806 0.2324438202247191 0.0625
4 0.5537219101123596 0.45778917910447764 0.14115168539325842 0.05457089552238806