0 0.39957865168539325 0.5935167910447762 0.18258426966292135 0.06949626865671642
4 0.5379213483146067 0.6135727611940298 0.18398876404494383 0.06949626865671642
10 0.7394662921348315 0.6201026119402985 0.12640449438202248 0.049906716417910446
7 0.398876404494382 0.8729011194029851 0.13764044943820225 0.057369402985074626
26 0.5895365168539326 0.8747667910447762 0.12008426966292135 0.07975746268656717
9 0.7668539325842697 0.9053171641791045 0.21067415730337077 0.1044776119402985
27 0.78125 0.1756063432835821 0.11446629213483146 0.1357276119402985
29 0.5021067415730337 0.2115205223880597 0.2148876404494382 0.06296641791044776
12 0.355688202247191 0.21525186567164178 0.11587078651685394 0.04617537313432836
25 0.3908005617977528 0.4134794776119403 0.18890449438202248 0.14598880597014927
18 0.5337078651685393 0.42140858208955223 0.06601123595505617 0.10307835820895522
22 0.7594803370786517 0.43050373134328357 0.18047752808988765 0.10261194029850747
28 0.5902387640449438 0.4470615671641791 0.22120786516853932 0.07509328358208955