22 0.375 0.581856343283582 0.1348314606741573 0.11147388059701492
18 0.7672050561797753 0.5960820895522388 0.0723314606741573 0.11753731343283583
25 0.5403792134831461 0.6037779850746269 0.3012640449438202 0.10401119402985075
21 0.5656601123595506 0.8542444029850746 0.1973314606741573 0.09095149253731344
13 0.589185393258427 0.8794309701492538 0.15589887640449437 0.14598880597014927
11 0.7191011235955056 0.8992537313432836 0.09410112359550561 0.07929104477611941
15 0.37043539325842695 0.9253731343283582 0.19592696629213482 0.10727611940298508
27 0.37359550561797755 0.17630597014925373 0.125 0.13246268656716417
26 0.7622893258426966 0.2103544776119403 0.14676966292134833 0.06996268656716417
1 0.5804073033707865 0.21548507462686567 0.18890449438202248 0.06343283582089553
29 0.5575842696629213 0.4400652985074627 0.16573033707865167 0.0732276119402985
2 0.7823033707865169 0.45149253731343286 0.17696629213483145 0.02332089552238806
16 0.3964185393258427 0.46338619402985076 0.16924157303370788 0.06856343283582089