13 0.40554775280898875 0.5583022388059702 0.1678370786516854 0.11940298507462686
8 0.7552668539325843 0.6028451492537313 0.18890449438202248 0.10027985074626866
14 0.3637640449438202 0.6112406716417911 0.10252808988764045 0.06669776119402986
6 0.5519662921348315 0.613339552238806 0.22191011235955055 0.07462686567164178
1 0.78125 0.8763992537313433 0.17485955056179775 0.12406716417910447
17 0.40554775280898875 0.9053171641791045 0.19592696629213482 0.07929104477611941
11 0.632373595505618 0.9169776119402985 0.08075842696629214 0.07742537313432836
7 0.5877808988764045 0.21105410447761194 0.09269662921348315 0.05363805970149254
3 0.7566713483146067 0.22667910447761194 0.12289325842696629 0.030783582089552237
25 0.40870786516853935 0.4158115671641791 0.2542134831460674 0.1571828358208955
18 0.706811797752809 0.43260261194029853 0.07092696629213484 0.10680970149253731
29 0.5646067415730337 0.4456623134328358 0.1348314606741573 0.07695895522388059