10 0.5761938202247191 0.47388059701492535 0.12991573033707865 0.029850746268656716
13 0.43047752808988765 0.5727611940298507 0.12078651685393259 0.11567164179104478
9 0.5839185393258427 0.6072761194029851 0.1622191011235955 0.05223880597014925
7 0.7710674157303371 0.6077425373134329 0.1502808988764045 0.051305970149253734
27 0.7844101123595506 0.855410447761194 0.11657303370786516 0.13246268656716417
15 0.6657303370786517 0.8645055970149254 0.14747191011235955 0.11520522388059702
6 0.5129915730337079 0.8701026119402985 0.14396067415730338 0.08722014925373134
26 0.3851825842696629 0.8745335820895522 0.1271067415730337 0.09421641791044776
21 0.461376404494382 0.20662313432835822 0.16292134831460675 0.06809701492537314
23 0.7896769662921348 0.21455223880597016 0.14396067415730338 0.054104477611940295
29 0.5888342696629213 0.21455223880597016 0.12991573033707865 0.054104477611940295
20 0.6906601123595506 0.3983208955223881 0.08075842696629214 0.1501865671641791
11 0.7686095505617978 0.44402985074626866 0.06952247191011236 0.05970149253731343
12 0.418188202247191 0.4542910447761194 0.10463483146067416 0.05037313432835821