13 0.5326544943820225 0.5853544776119403 0.09901685393258428 0.1166044776119403
26 0.4101123595505618 0.5981809701492538 0.12359550561797752 0.07416044776119403
9 0.7166432584269663 0.6044776119402985 0.2029494382022472 0.04757462686567164
20 0.5962078651685393 0.8111007462686567 0.0898876404494382 0.15391791044776118
16 0.4547050561797753 0.8698694029850746 0.1580056179775281 0.08488805970149253
2 0.7556179775280899 0.878731343283582 0.15589887640449437 0.07835820895522388
8 0.42310393258426965 0.2077891791044776 0.17907303370786518 0.07229477611940298
0 0.7840589887640449 0.21641791044776118 0.16362359550561797 0.055970149253731345
3 0.648876404494382 0.228544776119403 0.15308988764044945 0.027985074626865673
20 0.382373595505618 0.4097481343283582 0.09480337078651685 0.16557835820895522
11 0.7327949438202247 0.4388992537313433 0.06530898876404495 0.0457089552238806
12 0.5649578651685393 0.4556902985074627 0.10884831460674158 0.049440298507462684
6 0.7429775280898876 0.4631529850746269 0.20926966292134833 0.0457089552238806