8 0.75 0.5907182835820896 0.17837078651685392 0.06856343283582089
4 0.3890449438202247 0.6079757462686567 0.14606741573033707 0.06856343283582089
27 0.3925561797752809 0.8262593283582089 0.0997191011235955 0.14132462686567165
2 0.7166432584269663 0.8691697761194029 0.18328651685393257 0.07789179104477612
16 0.5070224719101124 0.890625 0.23735955056179775 0.07789179104477612
20 0.7893258426966292 0.17490671641791045 0.11797752808988764 0.15111940298507462
13 0.6615168539325843 0.1912313432835821 0.125 0.11194029850746269
6 0.4195926966292135 0.22061567164179105 0.18328651685393257 0.043843283582089554
0 0.4803370786516854 0.4447294776119403 0.17837078651685392 0.05923507462686567
11 0.692064606741573 0.4493936567164179 0.09058988764044944 0.06203358208955224
12 0.776685393258427 0.4556902985074627 0.13904494382022473 0.04664179104477612