13 0.4455758426966292 0.5685634328358209 0.13834269662921347 0.12686567164179105
5 0.5923455056179775 0.5732276119402985 0.1678370786516854 0.08861940298507463
8 0.6931179775280899 0.601679104477612 0.27808988764044945 0.09794776119402986
20 0.7485955056179775 0.8234608208955224 0.11797752808988764 0.1553171641791045
27 0.65625 0.8425839552238806 0.10323033707865169 0.134794776119403
20 0.8075842696629213 0.8533115671641791 0.10252808988764045 0.16371268656716417
28 0.36200842696629215 0.8831623134328358 0.15941011235955055 0.134794776119403
1 0.757373595505618 0.9120802238805971 0.1875 0.11147388059701492
23 0.5200140449438202 0.9204757462686567 0.14676966292134833 0.10121268656716417
25 0.34831460674157305 0.15811567164179105 0.18398876404494383 0.18003731343283583
27 0.5424859550561798 0.18097014925373134 0.13412921348314608 0.1417910447761194
22 0.6804775280898876 0.19986007462686567 0.13904494382022473 0.09188432835820895
14 0.8096910112359551 0.22108208955223882 0.10252808988764045 0.04757462686567164
15 0.7896769662921348 0.4232742537313433 0.1818820224719101 0.13199626865671643
18 0.3395365168539326 0.4349347014925373 0.06390449438202248 0.11520522388059702
26 0.5656601123595506 0.4398320895522388 0.12289325842696629 0.08395522388059702
29 0.4455758426966292 0.4517257462686567 0.1523876404494382 0.07509328358208955
6 0.6875 0.457089552238806 0.25 0.06996268656716417