26 0.38553370786516855 0.578125 0.13764044943820225 0.08069029850746269
8 0.7528089887640449 0.6040111940298507 0.18679775280898878 0.09328358208955224
6 0.5470505617977528 0.6145055970149254 0.22893258426966293 0.07229477611940298
16 0.7310393258426966 0.902285447761194 0.18820224719101122 0.10401119402985075
17 0.4041432584269663 0.9090485074626866 0.17485955056179775 0.07742537313432836
7 0.5860252808988764 0.21105410447761194 0.08216292134831461 0.04897388059701493
23 0.39396067415730335 0.21548507462686567 0.16853932584269662 0.05503731343283582
14 0.7166432584269663 0.21735074626865672 0.10182584269662921 0.055970149253731345
19 0.8023174157303371 0.22178171641791045 0.14396067415730338 0.04337686567164179
5 0.4020365168539326 0.417910447761194 0.1622191011235955 0.055970149253731345
18 0.7503511235955056 0.42887126865671643 0.059691011235955056 0.11800373134328358
29 0.5681179775280899 0.4447294776119403 0.13904494382022473 0.07602611940298508
28 0.4101123595505618 0.45965485074626866 0.27668539325842695 0.07602611940298508