13 0.4669943820224719 0.566231343283582 0.13764044943820225 0.11940298507462686
23 0.5905898876404494 0.605410447761194 0.16292134831460675 0.07929104477611941
1 0.3672752808988764 0.6070429104477612 0.15730337078651685 0.08348880597014925
26 0.5038623595505618 0.8628731343283582 0.1678370786516854 0.09794776119402986
19 0.35287921348314605 0.8812966417910447 0.12148876404494383 0.07975746268656717
2 0.7535112359550562 0.8854944029850746 0.20365168539325842 0.09654850746268656
13 0.8128511235955056 0.1923973880597015 0.11587078651685394 0.09281716417910447
20 0.5930477528089888 0.3969216417910448 0.11025280898876405 0.1501865671641791
25 0.4118679775280899 0.4449626865671642 0.23665730337078653 0.08488805970149253
16 0.7542134831460674 0.46222014925373134 0.19382022471910113 0.05783582089552239
29 0.5677668539325843 0.462919776119403 0.18328651685393257 0.06763059701492537