27 0.7489466292134831 0.5650652985074627 0.10603932584269662 0.13199626865671643
13 0.3455056179775281 0.5825559701492538 0.12780898876404495 0.10541044776119403
24 0.6042837078651685 0.6145055970149254 0.12570224719101122 0.0480410447761194
20 0.6432584269662921 0.8106343283582089 0.09550561797752809 0.14925373134328357
18 0.32865168539325845 0.8425839552238806 0.05337078651685393 0.10027985074626866
2 0.5976123595505618 0.902518656716418 0.2612359550561798 0.07929104477611941
23 0.3672752808988764 0.9202425373134329 0.16573033707865167 0.11194029850746269
13 0.33286516853932585 0.17374067164179105 0.14887640449438203 0.14878731343283583
5 0.49508426966292135 0.2042910447761194 0.19241573033707865 0.08022388059701492
29 0.7327949438202247 0.21361940298507462 0.1973314606741573 0.06996268656716417
26 0.3827247191011236 0.4454291044776119 0.14325842696629212 0.07462686567164178
19 0.6927668539325843 0.4545242537313433 0.1931179775280899 0.04057835820895522
6 0.5403792134831461 0.45965485074626866 0.19873595505617977 0.06296641791044776