6 0.7440308988764045 0.46828358208955223 0.22682584269662923 0.05503731343283582
11 0.7770365168539326 0.6012126865671642 0.07514044943820225 0.06436567164179105
9 0.5530196629213483 0.6021455223880597 0.1776685393258427 0.0625
4 0.38588483146067415 0.6096082089552238 0.13553370786516855 0.0625
27 0.37605337078651685 0.8390858208955224 0.11587078651685394 0.1259328358208955
2 0.764747191011236 0.8768656716417911 0.15308988764044945 0.10261194029850747
16 0.5965589887640449 0.8908582089552238 0.16362359550561797 0.08768656716417911
20 0.7826544943820225 0.17257462686567165 0.10603932584269662 0.15111940298507462
13 0.6028792134831461 0.19636194029850745 0.12851123595505617 0.0960820895522388
8 0.413623595505618 0.20475746268656717 0.18258426966292135 0.07742537313432836
0 0.5112359550561798 0.43703358208955223 0.08848314606741572 0.055970149253731345
7 0.3925561797752809 0.44799440298507465 0.08848314606741572 0.06763059701492537
12 0.5621488764044944 0.4552238805970149 0.10182584269662921 0.054104477611940295