6 0.6285112359550562 0.47294776119402987 0.10814606741573034 0.03824626865671642
5 0.6285112359550562 0.554570895522388 0.15730337078651685 0.04757462686567164
26 0.39957865168539325 0.5727611940298507 0.12780898876404495 0.06063432835820896
11 0.7714185393258427 0.5888526119402985 0.07654494382022473 0.05830223880597015
21 0.6523876404494382 0.5984141791044776 0.21207865168539325 0.09328358208955224
14 0.8216292134831461 0.6254664179104478 0.12359550561797752 0.05970149253731343
24 0.42064606741573035 0.6308302238805971 0.15168539325842698 0.03404850746268657
20 0.6846910112359551 0.8255597014925373 0.09410112359550561 0.16791044776119404
3 0.53125 0.8332555970149254 0.1074438202247191 0.05923507462686567
27 0.7798455056179775 0.8376865671641791 0.09901685393258428 0.12220149253731344
23 0.4044943820224719 0.8509794776119403 0.16573033707865167 0.09468283582089553
1 0.5674157303370787 0.8777985074626866 0.19241573033707865 0.0914179104477612
19 0.35990168539325845 0.9312033582089553 0.13974719101123595 0.08255597014925373
2 0.7542134831460674 0.9342350746268657 0.15730337078651685 0.07462686567164178
17 0.5393258426966292 0.9477611940298507 0.19662921348314608 0.07182835820895522
25 0.3374297752808989 0.15788246268656717 0.1818820224719101 0.17583955223880596
27 0.7861657303370787 0.1779384328358209 0.10182584269662921 0.12360074626865672
22 0.6660814606741573 0.18120335820895522 0.11306179775280899 0.049906716417910446
18 0.8304073033707865 0.18819962686567165 0.07092696629213484 0.11333955223880597
28 0.6594101123595506 0.2103544776119403 0.26264044943820225 0.07929104477611941
29 0.48103932584269665 0.21525186567164178 0.15589887640449437 0.052705223880597014
13 0.5158005617977528 0.41534514925373134 0.13553370786516855 0.13199626865671643
15 0.7773876404494382 0.42117537313432835 0.17134831460674158 0.13712686567164178
13 0.6481741573033708 0.42467350746268656 0.15168539325842698 0.10027985074626866
0 0.39712078651685395 0.44449626865671643 0.16081460674157302 0.05317164179104478
7 0.42310393258426965 0.45475746268656714 0.1425561797752809 0.06063432835820896
6 0.7468398876404494 0.4605876865671642 0.12991573033707865 0.07136194029850747