13 0.4044943820224719 0.5631996268656716 0.15589887640449437 0.1226679104477612
8 0.7556179775280899 0.6044776119402985 0.2050561797752809 0.09421641791044776
6 0.5523174157303371 0.6114738805970149 0.21839887640449437 0.07555970149253731
14 0.3574438202247191 0.6128731343283582 0.09550561797752809 0.06063432835820896
1 0.785814606741573 0.8782649253731343 0.1699438202247191 0.13059701492537312
17 0.4044943820224719 0.9060167910447762 0.18398876404494383 0.08069029850746269
11 0.6334269662921348 0.9153451492537313 0.08286516853932584 0.07136194029850747
7 0.5881320224719101 0.21245335820895522 0.0976123595505618 0.04897388059701493
3 0.7563202247191011 0.2294776119402985 0.12640449438202248 0.026119402985074626
18 0.6955758426966292 0.41651119402985076 0.06530898876404495 0.07835820895522388
5 0.4006320224719101 0.42630597014925375 0.15519662921348315 0.051305970149253734
29 0.5600421348314607 0.4458955223880597 0.14676966292134833 0.06623134328358209
28 0.714185393258427 0.45778917910447764 0.2556179775280899 0.07229477611940298
23 0.43469101123595505 0.46455223880597013 0.2542134831460674 0.055970149253731345