0 0.5955056179775281 0.5979477611940298 0.20084269662921347 0.09048507462686567
9 0.7735252808988764 0.6082089552238806 0.21839887640449437 0.07462686567164178
16 0.40554775280898875 0.609375 0.18890449438202248 0.07136194029850747
2 0.6316713483146067 0.8859608208955224 0.20997191011235955 0.10401119402985075
15 0.40765449438202245 0.8878264925373134 0.21137640449438203 0.12173507462686567
10 0.7865168539325843 0.8997201492537313 0.13202247191011235 0.08488805970149253
18 0.8195224719101124 0.19053171641791045 0.06601123595505617 0.10401119402985075
26 0.386938202247191 0.2077891791044776 0.1601123595505618 0.06576492537313433
11 0.7320926966292135 0.21525186567164178 0.08637640449438203 0.05923507462686567
7 0.5751404494382022 0.2196828358208955 0.0997191011235955 0.051305970149253734
8 0.7896769662921348 0.44169776119402987 0.19592696629213482 0.0914179104477612
4 0.5923455056179775 0.44892723880597013 0.1776685393258427 0.05643656716417911
12 0.4241573033707865 0.4568563432835821 0.1601123595505618 0.04897388059701493