2 0.7756320224719101 0.46828358208955223 0.21137640449438203 0.05223880597014925
22 0.3690308988764045 0.5830223880597015 0.14957865168539325 0.10727611940298508
25 0.5214185393258427 0.5988805970149254 0.26615168539325845 0.08768656716417911
15 0.7626404494382022 0.5995802238805971 0.24297752808988765 0.09561567164179105
21 0.579002808988764 0.8530783582089553 0.19592696629213482 0.0960820895522388
18 0.7183988764044944 0.8682369402985075 0.06179775280898876 0.09654850746268656
23 0.38764044943820225 0.8922574626865671 0.1699438202247191 0.11194029850746269
28 0.6850421348314607 0.9232742537313433 0.34620786516853935 0.13386194029850745
26 0.7601825842696629 0.20545708955223882 0.14676966292134833 0.06669776119402986
19 0.37956460674157305 0.22131529850746268 0.13553370786516855 0.039645522388059705
3 0.5761938202247191 0.22154850746268656 0.14115168539325842 0.041044776119402986
29 0.5603932584269663 0.44193097014925375 0.16432584269662923 0.07695895522388059
7 0.4002808988764045 0.4517257462686567 0.14325842696629212 0.05923507462686567