24 0.3377808988764045 0.46781716417910446 0.1306179775280899 0.03731343283582089
27 0.6952247191011236 0.5659981343283582 0.10955056179775281 0.13199626865671643
13 0.32935393258426965 0.5911847014925373 0.12359550561797752 0.1226679104477612
21 0.45400280898876405 0.5925839552238806 0.136938202247191 0.09468283582089553
29 0.6063904494382022 0.6079757462686567 0.15660112359550563 0.08722014925373134
5 0.6871488764044944 0.8248600746268657 0.15660112359550563 0.08908582089552239
2 0.38377808988764045 0.8889925373134329 0.1973314606741573 0.09981343283582089
25 0.5417837078651685 0.8915578358208955 0.27457865168539325 0.13852611940298507
6 0.757373595505618 0.9006529850746269 0.19452247191011235 0.10727611940298508
27 0.5895365168539326 0.18446828358208955 0.11587078651685394 0.12173507462686567
8 0.7510533707865169 0.2068563432835821 0.2071629213483146 0.07695895522388059
26 0.37254213483146065 0.208955223880597 0.1678370786516854 0.07929104477611941
18 0.3514747191011236 0.4230410447761194 0.05407303370786517 0.10261194029850747
28 0.5136938202247191 0.45032649253731344 0.20997191011235955 0.07416044776119403
23 0.7324438202247191 0.45475746268656714 0.16432584269662923 0.06996268656716417