23 0.418188202247191 0.5813899253731343 0.13412921348314608 0.06203358208955224
7 0.7636938202247191 0.6049440298507462 0.10463483146067416 0.051305970149253734
29 0.4571629213483146 0.6135727611940298 0.14325842696629212 0.06389925373134328
12 0.4104634831460674 0.8703358208955224 0.11025280898876405 0.06623134328358209
9 0.7728230337078652 0.8726679104477612 0.15098314606741572 0.0830223880597015
6 0.567064606741573 0.8882929104477612 0.11587078651685394 0.09281716417910447
5 0.42661516853932585 0.2042910447761194 0.16362359550561797 0.07649253731343283
28 0.7995084269662921 0.208955223880597 0.21980337078651685 0.07276119402985075
27 0.769311797752809 0.41324626865671643 0.11867977528089887 0.12126865671641791
13 0.6513342696629213 0.4221082089552239 0.09620786516853932 0.10727611940298508
0 0.49683988764044945 0.44426305970149255 0.11446629213483146 0.05923507462686567
11 0.39150280898876405 0.4556902985074627 0.07654494382022473 0.06436567164179105