8 0.7485955056179775 0.6019123134328358 0.2148876404494382 0.09561567164179105
16 0.3792134831460674 0.6161380597014925 0.16432584269662923 0.05223880597014925
17 0.5568820224719101 0.6215018656716418 0.17837078651685392 0.04897388059701493
21 0.7577247191011236 0.8717350746268657 0.1699438202247191 0.11194029850746269
26 0.4863061797752809 0.8838619402985075 0.14676966292134833 0.10727611940298508
3 0.35814606741573035 0.9013526119402985 0.1151685393258427 0.07229477611940298
19 0.7784410112359551 0.22434701492537312 0.1271067415730337 0.04757462686567164
25 0.7780898876404494 0.4197761194029851 0.20646067415730338 0.14925373134328357
18 0.3518258426966292 0.4204757462686567 0.05898876404494382 0.10121268656716417
15 0.5719803370786517 0.45359141791044777 0.22963483146067415 0.0648320895522388
2 0.37254213483146065 0.4612873134328358 0.1678370786516854 0.03824626865671642