21 0.444873595505618 0.5928171641791045 0.22823033707865167 0.09328358208955224
29 0.7594803370786517 0.5995802238805971 0.15519662921348315 0.09095149253731344
20 0.7310393258426966 0.8267257462686567 0.10955056179775281 0.16557835820895522
20 0.6601123595505618 0.8456156716417911 0.09410112359550561 0.16324626865671643
13 0.36832865168539325 0.8743003731343284 0.13974719101123595 0.13199626865671643
3 0.5294943820224719 0.8768656716417911 0.12219101123595505 0.06529850746268656
13 0.5463483146067416 0.17047574626865672 0.16151685393258428 0.14225746268656717
0 0.7707162921348315 0.212919776119403 0.17485955056179775 0.06856343283582089
24 0.36200842696629215 0.22388059701492538 0.13412921348314608 0.03731343283582089
26 0.6327247191011236 0.44216417910447764 0.16292134831460675 0.06996268656716417
7 0.4438202247191011 0.44659514925373134 0.14185393258426968 0.05830223880597015