27 0.6903089887640449 0.5678638059701493 0.11095505617977527 0.1226679104477612
13 0.33075842696629215 0.5881529850746269 0.09269662921348315 0.11940298507462686
21 0.456811797752809 0.5902518656716418 0.14536516853932585 0.09468283582089553
29 0.6032303370786517 0.6091417910447762 0.15168539325842698 0.08022388059701492
5 0.6853932584269663 0.824393656716418 0.16151685393258428 0.08908582089552239
2 0.37183988764044945 0.8854944029850746 0.16362359550561797 0.09841417910447761
25 0.5372191011235955 0.8901585820895522 0.23595505617977527 0.1394589552238806
6 0.7566713483146067 0.9036847014925373 0.2029494382022472 0.10960820895522388
27 0.5902387640449438 0.18470149253731344 0.12991573033707865 0.13059701492537312
8 0.7538623595505618 0.20522388059701493 0.21137640449438203 0.07462686567164178
7 0.382373595505618 0.20522388059701493 0.14536516853932585 0.055970149253731345
18 0.34620786516853935 0.4221082089552239 0.056179775280898875 0.10074626865671642
28 0.5112359550561798 0.45009328358208955 0.20786516853932585 0.0708955223880597
23 0.7268258426966292 0.45382462686567165 0.17837078651685392 0.07462686567164178
24 0.336376404494382 0.46595149253731344 0.125 0.04011194029850746