18 0.8096910112359551 0.5750932835820896 0.07303370786516854 0.11194029850746269
23 0.4511938202247191 0.5923507462686567 0.14817415730337077 0.06529850746268656
20 0.6228932584269663 0.5951492537313433 0.10674157303370786 0.0960820895522388
25 0.8223314606741573 0.8341884328358209 0.13623595505617977 0.23180970149253732
9 0.47542134831460675 0.8689365671641791 0.14887640449438203 0.07462686567164178
15 0.6604634831460674 0.9020522388059702 0.1973314606741573 0.12126865671641791
27 0.5786516853932584 0.17257462686567165 0.10814606741573034 0.13712686567164178
11 0.7612359550561798 0.21361940298507462 0.09410112359550561 0.06063432835820896
13 0.44627808988764045 0.4244402985074627 0.10603932584269662 0.11847014925373134
12 0.6186797752808989 0.44636194029850745 0.10814606741573034 0.04664179104477612
4 0.7538623595505618 0.44986007462686567 0.12991573033707865 0.057369402985074626