22 0.3714887640449438 0.5869869402985075 0.14185393258426968 0.09654850746268656
5 0.5252808988764045 0.5928171641791045 0.16853932584269662 0.09701492537313433
7 0.6959269662921348 0.6021455223880597 0.1446629213483146 0.061567164179104475
19 0.7169943820224719 0.8722014925373134 0.060393258426966294 0.03731343283582089
19 0.8065308988764045 0.8833955223880597 0.09199438202247191 0.08022388059701492
29 0.3999297752808989 0.8845615671641791 0.18047752808988765 0.08255597014925373
0 0.6074438202247191 0.8896921641791045 0.09831460674157304 0.10307835820895522
0 0.7485955056179775 0.9088152985074627 0.08848314606741572 0.06856343283582089
8 0.7721207865168539 0.20125932835820895 0.22823033707865167 0.08069029850746269
3 0.35603932584269665 0.22388059701492538 0.12780898876404495 0.03264925373134328
24 0.5200140449438202 0.2294776119402985 0.14396067415730338 0.04011194029850746
26 0.37394662921348315 0.44029850746268656 0.1327247191011236 0.0914179104477612
14 0.6846910112359551 0.4542910447761194 0.10112359550561797 0.05690298507462686
11 0.7935393258426966 0.4566231343283582 0.0800561797752809 0.06623134328358209
23 0.5319522471910112 0.46455223880597013 0.15379213483146068 0.06809701492537314