22 0.367626404494382 0.5830223880597015 0.14676966292134833 0.10541044776119403
19 0.735252808988764 0.5895522388059702 0.060393258426966294 0.03824626865671642
8 0.5565308988764045 0.6044776119402985 0.2029494382022472 0.09888059701492537
21 0.5737359550561798 0.8498134328358209 0.19101123595505617 0.08675373134328358
13 0.5835674157303371 0.878731343283582 0.14887640449438203 0.15391791044776118
11 0.38412921348314605 0.914179104477612 0.07865168539325842 0.07555970149253731
14 0.7264747191011236 0.9162779850746269 0.10603932584269662 0.06949626865671642
27 0.37254213483146065 0.177705223880597 0.1074438202247191 0.12779850746268656
26 0.7640449438202247 0.20755597014925373 0.14325842696629212 0.06996268656716417
15 0.5610955056179775 0.21431902985074627 0.2612359550561798 0.05830223880597015
3 0.7643960674157303 0.4608208955223881 0.14817415730337077 0.05037313432835821
17 0.5484550561797753 0.46571828358208955 0.22191011235955055 0.03684701492537314