22 0.36657303370786515 0.5865205223880597 0.14185393258426968 0.09561567164179105
5 0.5154494382022472 0.5918843283582089 0.17415730337078653 0.09421641791044776
7 0.6892556179775281 0.6019123134328358 0.14115168539325842 0.05830223880597015
1 0.36200842696629215 0.8747667910447762 0.16643258426966293 0.0853544776119403
19 0.773876404494382 0.8817630597014925 0.1502808988764045 0.07695895522388059
6 0.5035112359550562 0.8899253731343284 0.12078651685393259 0.09328358208955224
6 0.6604634831460674 0.8969216417910447 0.08356741573033707 0.07929104477611941
8 0.7594803370786517 0.20289179104477612 0.21839887640449437 0.07929104477611941
3 0.3497191011235955 0.224580223880597 0.12921348314606743 0.03591417910447761
24 0.5133426966292135 0.22667910447761194 0.1348314606741573 0.027985074626865673
26 0.3711376404494382 0.43703358208955223 0.136938202247191 0.08488805970149253
14 0.6783707865168539 0.45382462686567165 0.10674157303370786 0.06063432835820896
11 0.7865168539325843 0.4552238805970149 0.0800561797752809 0.06623134328358209
23 0.5228230337078652 0.4631529850746269 0.1678370786516854 0.06529850746268656