13 0.6306179775280899 0.5638992537313433 0.125 0.11007462686567164
15 0.785814606741573 0.5993470149253731 0.175561797752809 0.08861940298507463
4 0.45365168539325845 0.6049440298507462 0.1446629213483146 0.0625
22 0.6046348314606742 0.8666044776119403 0.13623595505617977 0.11847014925373134
8 0.43258426966292135 0.8708022388059702 0.175561797752809 0.09794776119402986
28 0.8033707865168539 0.8959888059701493 0.17275280898876405 0.09048507462686567
29 0.6032303370786517 0.21082089552238806 0.16292134831460675 0.06529850746268656
26 0.7798455056179775 0.21175373134328357 0.12991573033707865 0.06529850746268656
6 0.41853932584269665 0.22434701492537312 0.17837078651685392 0.036380597014925374
20 0.4234550561797753 0.3892257462686567 0.08286516853932584 0.13386194029850745
7 0.4195926966292135 0.4496268656716418 0.13834269662921347 0.05037313432835821
16 0.6748595505617978 0.4519589552238806 0.23595505617977527 0.051305970149253734
0 0.8356741573033708 0.46431902985074625 0.11657303370786516 0.045242537313432835