6 0.6278089887640449 0.4708488805970149 0.10955056179775281 0.03125
13 0.44662921348314605 0.5515391791044776 0.14185393258426968 0.09934701492537314
5 0.5962078651685393 0.5783582089552238 0.16573033707865167 0.08861940298507463
11 0.7608848314606742 0.5874533582089553 0.09339887640449439 0.06576492537313433
8 0.44066011235955055 0.6030783582089553 0.28441011235955055 0.10261194029850747
3 0.6966292134831461 0.6161380597014925 0.14325842696629212 0.04757462686567164
20 0.7629915730337079 0.824393656716418 0.09199438202247191 0.14225746268656717
27 0.6530898876404494 0.84375 0.10112359550561797 0.13152985074626866
23 0.40379213483146065 0.8444496268656716 0.13623595505617977 0.07695895522388059
20 0.8047752808988764 0.8598414179104478 0.10252808988764045 0.17957089552238806
1 0.7752808988764045 0.9162779850746269 0.19803370786516855 0.12173507462686567
28 0.37640449438202245 0.9204757462686567 0.1952247191011236 0.12080223880597014
2 0.5495084269662921 0.9249067164179104 0.13974719101123595 0.07929104477611941
25 0.3514747191011236 0.1553171641791045 0.18890449438202248 0.1865671641791045
27 0.53125 0.17747201492537312 0.11867977528089887 0.14132462686567165
22 0.6766151685393258 0.19263059701492538 0.14957865168539325 0.09235074626865672
14 0.805126404494382 0.22294776119402984 0.09199438202247191 0.04664179104477612
15 0.7816011235955056 0.4207089552238806 0.15730337078651685 0.1455223880597015
18 0.3339185393258427 0.4349347014925373 0.05688202247191011 0.11986940298507463
26 0.5691713483146067 0.435634328358209 0.11587078651685394 0.07276119402985075
0 0.4375 0.45382462686567165 0.15589887640449437 0.07276119402985075
6 0.7450842696629213 0.46222014925373134 0.12780898876404495 0.07276119402985075