22 0.5979634831460674 0.5872201492537313 0.13412921348314608 0.0914179104477612
14 0.7826544943820225 0.5995802238805971 0.1172752808988764 0.05830223880597015
11 0.42907303370786515 0.6009794776119403 0.0898876404494382 0.06389925373134328
29 0.40308988764044945 0.8815298507462687 0.16292134831460675 0.10261194029850747
28 0.7833567415730337 0.8955223880597015 0.15941011235955055 0.08768656716417911
27 0.35603932584269665 0.1756063432835821 0.11797752808988764 0.14319029850746268
0 0.7640449438202247 0.208955223880597 0.19101123595505617 0.06529850746268656
24 0.6060393258426966 0.22527985074626866 0.13764044943820225 0.03451492537313433
1 0.7429775280898876 0.44986007462686567 0.15168539325842698 0.06576492537313433
26 0.6025280898876404 0.45149253731343286 0.16853932584269662 0.07462686567164178
7 0.4315308988764045 0.45638992537313433 0.13834269662921347 0.05923507462686567