29 0.5558286516853933 0.6033115671641791 0.15941011235955055 0.09468283582089553
8 0.7514044943820225 0.6047108208955224 0.21348314606741572 0.09188432835820895
3 0.37183988764044945 0.6217350746268657 0.13412921348314608 0.04664179104477612
25 0.7875702247191011 0.8519123134328358 0.1523876404494382 0.2224813432835821
21 0.6499297752808989 0.8694029850746269 0.13974719101123595 0.10541044776119403
7 0.5797050561797753 0.21245335820895522 0.08356741573033707 0.04897388059701493
14 0.7061095505617978 0.2178171641791045 0.10463483146067416 0.04477611940298507
19 0.7988061797752809 0.22201492537313433 0.1271067415730337 0.03731343283582089
18 0.7422752808988764 0.417910447761194 0.060393258426966294 0.09048507462686567
5 0.39536516853932585 0.43796641791044777 0.17134831460674158 0.08675373134328358
15 0.7865168539325843 0.4470615671641791 0.16151685393258428 0.07695895522388059
6 0.6134129213483146 0.4610541044776119 0.19030898876404495 0.05923507462686567
28 0.3999297752808989 0.46338619402985076 0.24929775280898878 0.07136194029850747