2 0.7391151685393258 0.4666511194029851 0.22682584269662923 0.05177238805970149
27 0.7394662921348315 0.5718283582089553 0.10533707865168539 0.14272388059701493
13 0.3279494382022472 0.5832555970149254 0.1348314606741573 0.1226679104477612
22 0.4529494382022472 0.6005130597014925 0.15308988764044945 0.09934701492537314
1 0.6260533707865169 0.6072761194029851 0.19873595505617977 0.08115671641791045
11 0.75 0.6175373134328358 0.07865168539325842 0.06716417910447761
18 0.33707865168539325 0.8432835820895522 0.056179775280898875 0.09888059701492537
3 0.5596910112359551 0.8889925373134329 0.13904494382022473 0.07742537313432836
19 0.7363061797752809 0.9085820895522388 0.1523876404494382 0.08861940298507463
17 0.386938202247191 0.9370335820895522 0.23314606741573032 0.09421641791044776
24 0.6509831460674157 0.9636194029850746 0.17696629213483145 0.06809701492537314
20 0.5214185393258427 0.16138059701492538 0.11025280898876405 0.18190298507462688
27 0.3746488764044944 0.1814365671641791 0.12289325842696629 0.12779850746268656
23 0.692064606741573 0.21805037313432835 0.17907303370786518 0.060167910447761194
28 0.555126404494382 0.4519589552238806 0.14536516853932585 0.07929104477611941
14 0.3553370786516854 0.457089552238806 0.09550561797752809 0.054104477611940295