17 0.7443820224719101 0.46711753731343286 0.20646067415730338 0.04057835820895522
7 0.5365168539325843 0.5972481343283582 0.14185393258426968 0.05830223880597015
21 0.37359550561797755 0.5988805970149254 0.1699438202247191 0.09794776119402986
8 0.7485955056179775 0.6047108208955224 0.20786516853932585 0.09188432835820895
0 0.7018960674157303 0.8684701492537313 0.17485955056179775 0.08955223880597014
5 0.6214887640449438 0.8922574626865671 0.15870786516853932 0.1166044776119403
16 0.4547050561797753 0.8936567164179104 0.16081460674157302 0.07555970149253731
15 0.7893258426966292 0.2042910447761194 0.19101123595505617 0.08675373134328358
29 0.6260533707865169 0.2138526119402985 0.15519662921348315 0.06856343283582089
19 0.398876404494382 0.22667910447761194 0.1853932584269663 0.03824626865671642
27 0.3669241573033708 0.410214552238806 0.10603932584269662 0.1357276119402985
26 0.5565308988764045 0.44449626865671643 0.14676966292134833 0.09328358208955224