6 0.7124297752808989 0.47388059701492535 0.09199438202247191 0.033582089552238806
26 0.3886938202247191 0.6075093283582089 0.13412921348314608 0.06856343283582089
9 0.59375 0.6096082089552238 0.17064606741573032 0.05223880597014925
3 0.7970505617977528 0.6184701492537313 0.11797752808988764 0.03917910447761194
2 0.7099719101123596 0.8852611940298507 0.24719101123595505 0.06529850746268656
16 0.4508426966292135 0.8852611940298507 0.24578651685393257 0.07462686567164178
13 0.6144662921348315 0.19869402985074627 0.11938202247191011 0.09514925373134328
8 0.4160814606741573 0.2077891791044776 0.17907303370786518 0.07229477611940298
0 0.7798455056179775 0.21688432835820895 0.1720505617977528 0.05503731343283582
20 0.382373595505618 0.4097481343283582 0.09480337078651685 0.16557835820895522
11 0.7324438202247191 0.44263059701492535 0.06741573033707865 0.05317164179104478
12 0.5649578651685393 0.4556902985074627 0.10884831460674158 0.049440298507462684
6 0.8342696629213483 0.4631529850746269 0.14325842696629212 0.051305970149253734