22 0.36657303370786515 0.5869869402985075 0.1404494382022472 0.09934701492537314
7 0.702247191011236 0.6035447761194029 0.14325842696629212 0.05690298507462686
8 0.5389747191011236 0.8815298507462687 0.19030898876404495 0.11194029850746269
19 0.7749297752808989 0.8833955223880597 0.15519662921348315 0.08022388059701492
6 0.3806179775280899 0.886660447761194 0.19803370786516855 0.13152985074626866
27 0.7952949438202247 0.17630597014925373 0.1271067415730337 0.14365671641791045
24 0.5140449438202247 0.22901119402985073 0.12780898876404495 0.03264925373134328
5 0.38939606741573035 0.4388992537313433 0.17345505617977527 0.08955223880597014
14 0.7029494382022472 0.451259328358209 0.09550561797752809 0.05830223880597015
11 0.7889747191011236 0.45732276119402987 0.07935393258426966 0.06296641791044776
3 0.6116573033707865 0.45848880597014924 0.10955056179775281 0.03731343283582089