22 0.3732443820224719 0.5879197761194029 0.13834269662921347 0.09561567164179105
8 0.7559691011235955 0.6065764925373134 0.20435393258426968 0.09561567164179105
3 0.5474016853932584 0.6266324626865671 0.12429775280898876 0.05457089552238806
28 0.6372893258426966 0.8752332089552238 0.14115168539325842 0.1142723880597015
23 0.7633426966292135 0.8810634328358209 0.15870786516853932 0.10541044776119403
19 0.5066713483146067 0.8812966417910447 0.14817415730337077 0.08815298507462686
6 0.37570224719101125 0.8861940298507462 0.1853932584269663 0.12126865671641791
27 0.797752808988764 0.17723880597014927 0.13202247191011235 0.1455223880597015
26 0.6569522471910112 0.203125 0.16502808988764045 0.09001865671641791
7 0.39712078651685395 0.21128731343283583 0.11165730337078651 0.04664179104477612
15 0.4515449438202247 0.4447294776119403 0.24859550561797752 0.09654850746268656
29 0.5842696629213483 0.45592350746268656 0.17837078651685392 0.06763059701492537
14 0.7117275280898876 0.4566231343283582 0.0976123595505618 0.05970149253731343
11 0.7917837078651685 0.45825559701492535 0.07794943820224719 0.06763059701492537