7 0.543188202247191 0.5951492537313433 0.10603932584269662 0.06436567164179105
20 0.3693820224719101 0.5981809701492538 0.09269662921348315 0.09468283582089553
12 0.7485955056179775 0.5986473880597015 0.15308988764044945 0.0648320895522388
28 0.7401685393258427 0.8803638059701493 0.19101123595505617 0.11986940298507463
23 0.5853230337078652 0.8941231343283582 0.1327247191011236 0.08208955223880597
0 0.42064606741573035 0.8980876865671642 0.2050561797752809 0.09654850746268656
5 0.5024578651685393 0.20592350746268656 0.16924157303370788 0.08348880597014925
11 0.7956460674157303 0.2138526119402985 0.08426966292134831 0.060167910447761194
3 0.375 0.22061567164179105 0.12921348314606743 0.04197761194029851
27 0.3922050561797753 0.4088152985074627 0.11306179775280899 0.12173507462686567
25 0.5849719101123596 0.4232742537313433 0.2851123595505618 0.10121268656716417
16 0.7471910112359551 0.45988805970149255 0.28230337078651685 0.05037313432835821