21 0.39957865168539325 0.59375 0.1306179775280899 0.07555970149253731
28 0.7654494382022472 0.5958488805970149 0.15870786516853932 0.09654850746268656
7 0.5814606741573034 0.5967817164179104 0.1404494382022472 0.06296641791044776
25 0.7331460674157303 0.8131996268656716 0.20365168539325842 0.15811567164179105
4 0.35603932584269665 0.8619402985074627 0.11938202247191011 0.12033582089552239
2 0.5365168539325843 0.8822294776119403 0.2598314606741573 0.10680970149253731
29 0.6362359550561798 0.20499067164179105 0.14606741573033707 0.07789179104477612
11 0.35603932584269665 0.21105410447761194 0.09410112359550561 0.06389925373134328
23 0.48174157303370785 0.2126865671641791 0.15730337078651685 0.06529850746268656
1 0.7636938202247191 0.2178171641791045 0.21839887640449437 0.051305970149253734
18 0.7945926966292135 0.43236940298507465 0.06952247191011236 0.11287313432835822
24 0.6141151685393258 0.46548507462686567 0.16502808988764045 0.03451492537313433