15 0.6429073033707865 0.5566697761194029 0.24367977528089887 0.08348880597014925
21 0.31144662921348315 0.5879197761194029 0.16081460674157302 0.08442164179104478
25 0.6341292134831461 0.5909514925373134 0.2345505617977528 0.1044776119402985
17 0.4691011235955056 0.5963152985074627 0.18679775280898878 0.09188432835820895
22 0.2851123595505618 0.8696361940298507 0.13202247191011235 0.10587686567164178
3 0.45224719101123595 0.8736007462686567 0.1446629213483146 0.06529850746268656
16 0.6808286516853933 0.8784981343283582 0.20435393258426968 0.10587686567164178
18 0.4357443820224719 0.1935634328358209 0.05688202247191011 0.09701492537313433
26 0.27984550561797755 0.20708955223880596 0.15660112359550563 0.08208955223880597
29 0.5403792134831461 0.21012126865671643 0.17345505617977527 0.07229477611940298
1 0.6657303370786517 0.21478544776119404 0.14325842696629212 0.06669776119402986
8 0.32162921348314605 0.4204757462686567 0.21348314606741572 0.07789179104477612
5 0.6839887640449438 0.4437966417910448 0.19101123595505617 0.09468283582089553
24 0.48771067415730335 0.45988805970149255 0.136938202247191 0.03917910447761194