10 0.3792134831460674 0.47201492537313433 0.13342696629213482 0.03451492537313433
8 0.5951544943820225 0.5925839552238806 0.19592696629213482 0.11333955223880597
16 0.7679073033707865 0.6026119402985075 0.20014044943820225 0.06343283582089553
9 0.40344101123595505 0.6077425373134329 0.18047752808988765 0.06716417910447761
23 0.5737359550561798 0.8899253731343284 0.13342696629213482 0.08395522388059702
24 0.7292837078651685 0.894589552238806 0.14396067415730338 0.07369402985074627
2 0.39712078651685395 0.8966884328358209 0.19452247191011235 0.10867537313432836
27 0.7808988764044944 0.17467350746268656 0.10955056179775281 0.13666044776119404
1 0.5877808988764045 0.20055970149253732 0.15589887640449437 0.08675373134328358
26 0.41853932584269665 0.20988805970149255 0.14606741573033707 0.06716417910447761
12 0.5625 0.4533582089552239 0.15870786516853932 0.05970149253731343
6 0.7643960674157303 0.45825559701492535 0.16502808988764045 0.06203358208955224