24 0.704002808988764 0.47154850746268656 0.11867977528089887 0.03544776119402985
22 0.36657303370786515 0.5832555970149254 0.14887640449438203 0.10494402985074627
25 0.535814606741573 0.6040111940298507 0.3061797752808989 0.09794776119402986
14 0.7419241573033708 0.613339552238806 0.10463483146067416 0.05970149253731343
21 0.569873595505618 0.8526119402985075 0.18609550561797752 0.07929104477611941
13 0.5825140449438202 0.8731343283582089 0.14676966292134833 0.15205223880597016
11 0.7106741573033708 0.8976212686567164 0.07584269662921349 0.07229477611940298
15 0.3672752808988764 0.9216417910447762 0.20786516853932585 0.12033582089552239
27 0.3714887640449438 0.17723880597014927 0.10955056179775281 0.1296641791044776
26 0.7629915730337079 0.21222014925373134 0.14115168539325842 0.06996268656716417
1 0.5839185393258427 0.2140858208955224 0.19452247191011235 0.05503731343283582
29 0.5610955056179775 0.44239738805970147 0.16292134831460675 0.07602611940298508
16 0.4002808988764045 0.4650186567164179 0.1952247191011236 0.06063432835820896