21 0.7707162921348315 0.590018656716418 0.15519662921348315 0.07929104477611941
26 0.3785112359550562 0.5993470149253731 0.125 0.06996268656716417
16 0.5516151685393258 0.601445895522388 0.17485955056179775 0.04337686567164179
27 0.764747191011236 0.8598414179104478 0.0997191011235955 0.14598880597014927
5 0.37991573033707865 0.8628731343283582 0.1502808988764045 0.10261194029850747
4 0.5660112359550562 0.8843283582089553 0.12921348314606743 0.08115671641791045
25 0.7988061797752809 0.1623134328358209 0.14115168539325842 0.16977611940298507
12 0.6674859550561798 0.21618470149253732 0.11165730337078651 0.04337686567164179
18 0.7443820224719101 0.4118470149253731 0.06320224719101124 0.07742537313432836
22 0.5108848314606742 0.4300373134328358 0.18328651685393257 0.09794776119402986
15 0.3514747191011236 0.441464552238806 0.13132022471910113 0.09654850746268656
28 0.776685393258427 0.449160447761194 0.22331460674157302 0.06529850746268656