15 0.6404494382022472 0.5541044776119403 0.24157303370786518 0.07929104477611941
21 0.31320224719101125 0.5914179104477612 0.1544943820224719 0.09421641791044776
25 0.6320224719101124 0.5918843283582089 0.2303370786516854 0.08955223880597014
17 0.4592696629213483 0.601679104477612 0.14887640449438203 0.08395522388059702
22 0.2893258426966292 0.8698694029850746 0.12780898876404495 0.09981343283582089
3 0.45435393258426965 0.871035447761194 0.13623595505617977 0.06389925373134328
16 0.6748595505617978 0.8773320895522388 0.21629213483146068 0.09514925373134328
18 0.4413623595505618 0.1947294776119403 0.059691011235955056 0.10401119402985075
26 0.2907303370786517 0.20475746268656717 0.14887640449438203 0.07742537313432836
29 0.5463483146067416 0.21105410447761194 0.16432584269662923 0.07229477611940298
1 0.6773174157303371 0.21431902985074627 0.136938202247191 0.06110074626865672
8 0.32303370786516855 0.41907649253731344 0.2205056179775281 0.08255597014925373
5 0.6969803370786517 0.45009328358208955 0.18890449438202248 0.0914179104477612
24 0.4887640449438202 0.45755597014925375 0.1404494382022472 0.03917910447761194