27 0.75 0.5699626865671642 0.11376404494382023 0.12313432835820895
13 0.3377808988764045 0.5827891791044776 0.1446629213483146 0.12733208955223882
7 0.5635533707865169 0.5949160447761194 0.09480337078651685 0.06763059701492537
20 0.6436095505617978 0.820429104477612 0.09199438202247191 0.15951492537313433
18 0.3300561797752809 0.8453824626865671 0.06601123595505617 0.10027985074626866
0 0.625 0.9211753731343284 0.17837078651685392 0.08861940298507463
23 0.3574438202247191 0.9249067164179104 0.1601123595505618 0.11194029850746269
13 0.3339185393258427 0.17817164179104478 0.16081460674157302 0.14272388059701493
29 0.730688202247191 0.21175373134328357 0.19592696629213482 0.06623134328358209
1 0.3981741573033708 0.4449626865671642 0.19662921348314608 0.07929104477611941
26 0.5800561797752809 0.44892723880597013 0.14185393258426968 0.08069029850746269