8 0.7682584269662921 0.5918843283582089 0.2050561797752809 0.10261194029850747
2 0.5719803370786517 0.6068097014925373 0.20014044943820225 0.06902985074626866
10 0.36060393258426965 0.6263992537313433 0.12570224719101122 0.054104477611940295
5 0.5663623595505618 0.8668376865671642 0.18609550561797752 0.11520522388059702
16 0.4041432584269663 0.8784981343283582 0.1818820224719101 0.09748134328358209
7 0.7598314606741573 0.8852611940298507 0.08848314606741572 0.07929104477611941
18 0.375 0.19193097014925373 0.06460674157303371 0.09375
22 0.7422752808988764 0.1970615671641791 0.18820224719101122 0.0853544776119403
15 0.41924157303370785 0.21525186567164178 0.27808988764044945 0.05923507462686567
12 0.7682584269662921 0.21618470149253732 0.16151685393258428 0.05177238805970149
4 0.7759831460674157 0.45732276119402987 0.15168539325842698 0.060167910447761194
9 0.6183286516853933 0.462919776119403 0.18609550561797752 0.0480410447761194