3 0.5070224719101124 0.4724813432835821 0.12921348314606743 0.03451492537313433
2 0.40308988764044945 0.5970149253731343 0.1699438202247191 0.061567164179104475
12 0.7601825842696629 0.6002798507462687 0.10884831460674158 0.05317164179104478
7 0.5972612359550562 0.6063432835820896 0.08216292134831461 0.06436567164179105
26 0.7528089887640449 0.8542444029850746 0.12359550561797752 0.09001865671641791
8 0.5660112359550562 0.8626399253731343 0.25 0.08908582089552239
23 0.7082162921348315 0.21128731343283583 0.14817415730337077 0.0625
20 0.7636938202247191 0.40135261194029853 0.13553370786516855 0.0648320895522388
13 0.37816011235955055 0.4300373134328358 0.12008426966292135 0.11380597014925373
20 0.7531601123595506 0.45149253731343286 0.14115168539325842 0.06902985074626866
11 0.6646769662921348 0.45988805970149255 0.07794943820224719 0.061567164179104475