3 0.617626404494382 0.4743470149253731 0.15098314606741572 0.04291044776119403
13 0.4104634831460674 0.5601679104477612 0.1678370786516854 0.11007462686567164
8 0.7601825842696629 0.6047108208955224 0.19592696629213482 0.09188432835820895
21 0.37394662921348315 0.6089085820895522 0.17485955056179775 0.09934701492537314
6 0.5530196629213483 0.6138059701492538 0.22401685393258428 0.0708955223880597
1 0.7847612359550562 0.8803638059701493 0.1678370786516854 0.1226679104477612
17 0.4125702247191011 0.9085820895522388 0.1818820224719101 0.08861940298507463
11 0.6337780898876404 0.9167444029850746 0.0877808988764045 0.08069029850746269
26 0.3609550561797753 0.20149253731343283 0.1348314606741573 0.08675373134328358
7 0.5919943820224719 0.21222014925373134 0.10112359550561797 0.051305970149253734
24 0.7798455056179775 0.23041044776119404 0.12570224719101122 0.02332089552238806
14 0.6720505617977528 0.4409981343283582 0.10393258426966293 0.03311567164179104
29 0.5561797752808989 0.4430970149253731 0.14887640449438203 0.07462686567164178
19 0.7310393258426966 0.4568563432835821 0.20224719101123595 0.052705223880597014
2 0.3848314606741573 0.46222014925373134 0.19241573033707865 0.054104477611940295