10 0.4957865168539326 0.46968283582089554 0.199438202247191 0.03451492537313433
13 0.43047752808988765 0.5727611940298507 0.12078651685393259 0.11567164179104478
9 0.5839185393258427 0.6072761194029851 0.1622191011235955 0.05223880597014925
7 0.7710674157303371 0.6077425373134329 0.1502808988764045 0.051305970149253734
27 0.7844101123595506 0.855410447761194 0.11657303370786516 0.13246268656716417
15 0.6657303370786517 0.8645055970149254 0.14747191011235955 0.11520522388059702
6 0.5129915730337079 0.8701026119402985 0.14396067415730338 0.08722014925373134
26 0.3851825842696629 0.8745335820895522 0.1271067415730337 0.09421641791044776
23 0.7478932584269663 0.2080223880597015 0.19241573033707865 0.06716417910447761
12 0.4592696629213483 0.21455223880597016 0.12780898876404495 0.048507462686567165
20 0.37429775280898875 0.4398320895522388 0.125 0.07462686567164178
11 0.6857443820224719 0.4449626865671642 0.06952247191011236 0.05970149253731343
21 0.788623595505618 0.45009328358208955 0.13202247191011235 0.06623134328358209