13 0.40098314606741575 0.5641324626865671 0.1446629213483146 0.12733208955223882
8 0.7584269662921348 0.6028451492537313 0.199438202247191 0.09561567164179105
21 0.3669241573033708 0.6114738805970149 0.17485955056179775 0.09794776119402986
6 0.555126404494382 0.6147388059701493 0.2169943820224719 0.06996268656716417
13 0.6225421348314607 0.8544776119402985 0.1425561797752809 0.11473880597014925
1 0.7910814606741573 0.8768656716417911 0.16643258426966293 0.12220149253731344
17 0.40168539325842695 0.9060167910447762 0.19241573033707865 0.08722014925373134
26 0.35849719101123595 0.20079291044776118 0.15379213483146068 0.0853544776119403
7 0.5909410112359551 0.21361940298507462 0.09620786516853932 0.051305970149253734
24 0.7823033707865169 0.23111007462686567 0.1404494382022472 0.02751865671641791
18 0.7679073033707865 0.4361007462686567 0.07654494382022473 0.1166044776119403
14 0.6716994382022472 0.43796641791044777 0.0976123595505618 0.027985074626865673
29 0.5565308988764045 0.4454291044776119 0.14676966292134833 0.07462686567164178
23 0.40625 0.45732276119402987 0.16643258426966293 0.06669776119402986
19 0.7317415730337079 0.45755597014925375 0.19803370786516855 0.05317164179104478