21 0.45014044943820225 0.5867537313432836 0.21910112359550563 0.08861940298507463
29 0.730688202247191 0.6005130597014925 0.1678370786516854 0.08162313432835822
24 0.5856741573033708 0.6217350746268657 0.13202247191011235 0.05317164179104478
22 0.35849719101123595 0.8675373134328358 0.11306179775280899 0.10261194029850747
3 0.5270365168539326 0.8798973880597015 0.14115168539325842 0.06856343283582089
16 0.7626404494382022 0.8805970149253731 0.22331460674157302 0.10727611940298508
13 0.5396769662921348 0.17397388059701493 0.14115168539325842 0.13059701492537312
18 0.7721207865168539 0.18563432835820895 0.0877808988764045 0.11380597014925373
14 0.40519662921348315 0.21735074626865672 0.0898876404494382 0.05317164179104478
26 0.6148174157303371 0.4375 0.15098314606741572 0.06996268656716417
1 0.4315308988764045 0.45009328358208955 0.21137640449438203 0.08582089552238806