3 0.78125 0.47154850746268656 0.11867977528089887 0.054104477611940295
29 0.7226123595505618 0.5923507462686567 0.1446629213483146 0.07929104477611941
25 0.39712078651685395 0.6072761194029851 0.27457865168539325 0.08022388059701492
7 0.6945224719101124 0.8840951492537313 0.13764044943820225 0.07229477611940298
16 0.4708567415730337 0.8861940298507462 0.16924157303370788 0.09328358208955224
27 0.5976123595505618 0.1609141791044776 0.13202247191011235 0.07929104477611941
27 0.336376404494382 0.1765391791044776 0.11657303370786516 0.1357276119402985
6 0.6327247191011236 0.2140858208955224 0.3047752808988764 0.06996268656716417
0 0.46348314606741575 0.21455223880597016 0.14325842696629212 0.05037313432835821
11 0.7823033707865169 0.21525186567164178 0.07584269662921349 0.05457089552238806
8 0.36446629213483145 0.447294776119403 0.19101123595505617 0.08488805970149253
15 0.5933988764044944 0.4566231343283582 0.2443820224719101 0.0625