12 0.44241573033707865 0.590018656716418 0.10533707865168539 0.06436567164179105
7 0.7450842696629213 0.597714552238806 0.13764044943820225 0.05457089552238806
10 0.589185393258427 0.621035447761194 0.125 0.05643656716417911
9 0.5726825842696629 0.8822294776119403 0.15379213483146068 0.07789179104477612
1 0.7447331460674157 0.8831623134328358 0.15379213483146068 0.09654850746268656
18 0.35990168539325845 0.8950559701492538 0.06952247191011236 0.11567164179104478
11 0.41081460674157305 0.21618470149253732 0.0800561797752809 0.05457089552238806
23 0.5849719101123596 0.21805037313432835 0.17275280898876405 0.060167910447761194
20 0.589185393258427 0.40578358208955223 0.08286516853932584 0.15578358208955223
21 0.7419241573033708 0.4395988805970149 0.14817415730337077 0.08162313432835822
29 0.43820224719101125 0.4545242537313433 0.1404494382022472 0.07136194029850747