22 0.37254213483146065 0.5748600746268657 0.13834269662921347 0.10867537313432836
8 0.7341994382022472 0.5890858208955224 0.19592696629213482 0.08861940298507463
23 0.5554775280898876 0.6035447761194029 0.14887640449438203 0.07929104477611941
13 0.5912921348314607 0.8458488805970149 0.1601123595505618 0.09468283582089553
0 0.7370084269662921 0.8675373134328358 0.17345505617977527 0.09794776119402986
11 0.3672752808988764 0.8999533582089553 0.07303370786516854 0.07789179104477612
1 0.5470505617977528 0.9120802238805971 0.2205056179775281 0.0853544776119403
20 0.7356039325842697 0.17140858208955223 0.0976123595505618 0.14692164179104478
6 0.3827247191011236 0.22178171641791045 0.20646067415730338 0.04897388059701493
3 0.5797050561797753 0.22318097014925373 0.14817415730337077 0.045242537313432835
26 0.3553370786516854 0.4510261194029851 0.14185393258426968 0.08208955223880597
29 0.5639044943820225 0.4517257462686567 0.2205056179775281 0.0732276119402985
19 0.7570224719101124 0.4624533582089552 0.19241573033707865 0.052705223880597014