3 0.8163623595505618 0.46828358208955223 0.13132022471910113 0.03917910447761194
23 0.5603932584269663 0.5851212686567164 0.18117977528089887 0.0648320895522388
29 0.7384129213483146 0.5981809701492538 0.14396067415730338 0.06949626865671642
28 0.40730337078651685 0.5986473880597015 0.12780898876404495 0.09375
5 0.5958567415730337 0.8577425373134329 0.15660112359550563 0.10541044776119403
12 0.41327247191011235 0.8675373134328358 0.1074438202247191 0.07369402985074627
9 0.7661516853932584 0.8817630597014925 0.17134831460674158 0.10307835820895522
8 0.5958567415730337 0.20662313432835822 0.1776685393258427 0.07835820895522388
6 0.43644662921348315 0.22224813432835822 0.15941011235955055 0.045242537313432835
24 0.8577949438202247 0.22761194029850745 0.1580056179775281 0.033582089552238806
4 0.4023876404494382 0.4608208955223881 0.14747191011235955 0.05970149253731343