0 0.5337078651685393 0.5951492537313433 0.15589887640449437 0.0914179104477612
7 0.723314606741573 0.597481343283582 0.1404494382022472 0.06529850746268656
9 0.38939606741573035 0.6051772388059702 0.1931179775280899 0.06856343283582089
19 0.764747191011236 0.8822294776119403 0.1446629213483146 0.07229477611940298
3 0.6060393258426966 0.8850279850746269 0.1348314606741573 0.07509328358208955
26 0.7780898876404494 0.21128731343283583 0.1446629213483146 0.0625
12 0.5944522471910112 0.21618470149253732 0.1622191011235955 0.049906716417910446
10 0.3732443820224719 0.23600746268656717 0.11446629213483146 0.013059701492537313
28 0.38588483146067415 0.4398320895522388 0.1271067415730337 0.07929104477611941
23 0.6871488764044944 0.44216417910447764 0.17345505617977527 0.06996268656716417
4 0.5502106741573034 0.4517257462686567 0.14817415730337077 0.05923507462686567