23 0.40554775280898875 0.601445895522388 0.14817415730337077 0.0732276119402985
9 0.6193820224719101 0.613339552238806 0.19803370786516855 0.051305970149253734
15 0.4547050561797753 0.8733675373134329 0.22542134831460675 0.10774253731343283
21 0.6344803370786517 0.8815298507462687 0.15379213483146068 0.08582089552238806
24 0.7784410112359551 0.8959888059701493 0.15098314606741572 0.05970149253731343
28 0.7556179775280899 0.21338619402985073 0.12780898876404495 0.06203358208955224
26 0.4297752808988764 0.21548507462686567 0.16432584269662923 0.05317164179104478
3 0.589185393258427 0.22761194029850745 0.1544943820224719 0.026119402985074626
13 0.39922752808988765 0.42257462686567165 0.11165730337078651 0.11007462686567164
7 0.4827949438202247 0.4533582089552239 0.10042134831460674 0.048507462686567165
12 0.8395365168539326 0.45382462686567165 0.12148876404494383 0.0457089552238806