6 0.6207865168539326 0.47341417910447764 0.11376404494382023 0.03264925373134328
5 0.5860252808988764 0.5774253731343284 0.1818820224719101 0.09048507462686567
1 0.4571629213483146 0.5792910447761194 0.16573033707865167 0.08115671641791045
11 0.7155898876404494 0.605643656716418 0.07865168539325842 0.06389925373134328
20 0.7594803370786517 0.828125 0.09901685393258428 0.15625
20 0.8061797752808989 0.8500466417910447 0.10112359550561797 0.16557835820895522
23 0.6165730337078652 0.8882929104477612 0.20646067415730338 0.09748134328358209
28 0.363061797752809 0.890625 0.1699438202247191 0.12173507462686567
25 0.3402387640449438 0.15811567164179105 0.19171348314606743 0.17350746268656717
7 0.5122893258426966 0.21478544776119404 0.08918539325842696 0.04897388059701493
14 0.7970505617977528 0.21851679104477612 0.11235955056179775 0.045242537313432835
24 0.6702949438202247 0.23507462686567165 0.13974719101123595 0.02332089552238806
15 0.7868679775280899 0.42094216417910446 0.1580056179775281 0.13666044776119404
18 0.3360252808988764 0.4349347014925373 0.0625 0.11520522388059702
26 0.5761938202247191 0.44169776119402987 0.12991573033707865 0.08208955223880597
29 0.4417134831460674 0.44799440298507465 0.14887640449438203 0.06763059701492537
6 0.7408707865168539 0.457089552238806 0.13623595505617977 0.06529850746268656