7 0.5259831460674157 0.5981809701492538 0.14325842696629212 0.06110074626865672
12 0.7331460674157303 0.5988805970149254 0.12640449438202248 0.05690298507462686
20 0.3771067415730337 0.601445895522388 0.09691011235955056 0.09281716417910447
25 0.43855337078651685 0.8029384328358209 0.21980337078651685 0.14505597014925373
24 0.7450842696629213 0.8582089552238806 0.12921348314606743 0.06623134328358209
2 0.5797050561797753 0.8873600746268657 0.21839887640449437 0.10587686567164178
23 0.3714887640449438 0.8952891791044776 0.13202247191011235 0.08628731343283583
5 0.3890449438202247 0.19892723880597016 0.18398876404494383 0.09095149253731344
29 0.6235955056179775 0.21012126865671643 0.16853932584269662 0.06949626865671642
3 0.795997191011236 0.2199160447761194 0.1580056179775281 0.05083955223880597
6 0.42099719101123595 0.22901119402985073 0.24087078651685392 0.028917910447761194
27 0.6260533707865169 0.44659514925373134 0.2127808988764045 0.07882462686567164
19 0.7752808988764045 0.45755597014925375 0.1797752808988764 0.05783582089552239
16 0.4315308988764045 0.462919776119403 0.19452247191011235 0.05177238805970149