6 0.6228932584269663 0.47318097014925375 0.10814606741573034 0.034981343283582086
13 0.4476825842696629 0.5489738805970149 0.13974719101123595 0.11007462686567164
5 0.5905898876404494 0.5785914179104478 0.16573033707865167 0.08628731343283583
11 0.7636938202247191 0.5951492537313433 0.07794943820224719 0.0625
8 0.4378511235955056 0.6061100746268657 0.28441011235955055 0.09934701492537314
3 0.6945224719101124 0.613339552238806 0.1446629213483146 0.04664179104477612
20 0.7605337078651685 0.8222947761194029 0.10112359550561797 0.14458955223880596
27 0.6537921348314607 0.839785447761194 0.10252808988764045 0.12826492537313433
23 0.398876404494382 0.8446828358208955 0.15870786516853932 0.06063432835820896
20 0.8065308988764045 0.8530783582089553 0.10603932584269662 0.17350746268656717
1 0.7654494382022472 0.9186100746268657 0.1797752808988764 0.1357276119402985
28 0.37359550561797755 0.925606343283582 0.1896067415730337 0.11240671641791045
2 0.5470505617977528 0.9272388059701493 0.1348314606741573 0.06996268656716417
25 0.3532303370786517 0.15648320895522388 0.18679775280898878 0.18423507462686567
27 0.7805477528089888 0.1826026119402985 0.08918539325842696 0.12453358208955224
18 0.8325140449438202 0.18889925373134328 0.06811797752808989 0.10727611940298508
22 0.6741573033707865 0.19799440298507462 0.1446629213483146 0.09841417910447761
29 0.49332865168539325 0.2150186567164179 0.16502808988764045 0.06343283582089553
15 0.7770365168539326 0.4244402985074627 0.1622191011235955 0.14365671641791045
26 0.5681179775280899 0.439365671641791 0.11376404494382023 0.07742537313432836
0 0.4044943820224719 0.4454291044776119 0.1797752808988764 0.06063432835820896
6 0.7492977528089888 0.45848880597014924 0.1404494382022472 0.06529850746268656
14 0.33848314606741575 0.4624533582089552 0.09269662921348315 0.05923507462686567