12 0.47787921348314605 0.5946828358208955 0.11306179775280899 0.051305970149253734
0 0.8107443820224719 0.5986473880597015 0.18328651685393257 0.07789179104477612
4 0.617626404494382 0.609375 0.13412921348314608 0.06856343283582089
22 0.8044241573033708 0.8698694029850746 0.14676966292134833 0.1259328358208955
9 0.4887640449438202 0.8745335820895522 0.22752808988764045 0.07649253731343283
10 0.6474719101123596 0.8875932835820896 0.11095505617977527 0.08395522388059702
7 0.7359550561797753 0.20848880597014927 0.10814606741573034 0.04664179104477612
25 0.5038623595505618 0.21921641791044777 0.28019662921348315 0.06529850746268656
18 0.4410112359550562 0.425839552238806 0.07443820224719101 0.11473880597014925
26 0.7717696629213483 0.44216417910447764 0.14185393258426968 0.06343283582089553
21 0.6348314606741573 0.44636194029850745 0.14606741573033707 0.06529850746268656