8 0.7236657303370787 0.5902518656716418 0.21558988764044945 0.09561567164179105
5 0.3865870786516854 0.5911847014925373 0.16643258426966293 0.09375
23 0.5330056179775281 0.5998134328358209 0.1699438202247191 0.07462686567164178
20 0.5948033707865169 0.8260261194029851 0.10674157303370786 0.16417910447761194
13 0.3890449438202247 0.8640391791044776 0.1446629213483146 0.14598880597014927
0 0.738061797752809 0.8682369402985075 0.16853932584269662 0.09561567164179105
20 0.7320926966292135 0.16138059701492538 0.09058988764044944 0.14085820895522388
27 0.3476123595505618 0.17583955223880596 0.10393258426966293 0.1296641791044776
1 0.7443820224719101 0.21618470149253732 0.21067415730337077 0.05923507462686567
6 0.5038623595505618 0.2199160447761194 0.22120786516853932 0.05457089552238806
28 0.7921348314606742 0.44986007462686567 0.1151685393258427 0.07789179104477612
28 0.6889044943820225 0.45149253731343286 0.07865168539325842 0.04757462686567164
7 0.3686797752808989 0.4517257462686567 0.08707865168539326 0.06389925373134328
17 0.5635533707865169 0.464785447761194 0.2478932584269663 0.03871268656716418