22 0.5059691011235955 0.5888526119402985 0.13974719101123595 0.09561567164179105
5 0.7285814606741573 0.5923507462686567 0.17485955056179775 0.09328358208955224
21 0.35639044943820225 0.6068097014925373 0.15519662921348315 0.0914179104477612
19 0.7152387640449438 0.8733675373134329 0.05688202247191011 0.034981343283582086
19 0.8044241573033708 0.8838619402985075 0.08356741573033707 0.07929104477611941
0 0.6067415730337079 0.8903917910447762 0.10112359550561797 0.10074626865671642
25 0.4297752808988764 0.8971548507462687 0.2752808988764045 0.1478544776119403
0 0.7468398876404494 0.9071828358208955 0.09199438202247191 0.06996268656716417
8 0.7672050561797753 0.20265858208955223 0.22120786516853932 0.07695895522388059
3 0.3549859550561798 0.22551305970149255 0.1327247191011236 0.03591417910447761
24 0.5150983146067416 0.2306436567164179 0.12991573033707865 0.029384328358208957
26 0.37991573033707865 0.4300373134328358 0.11657303370786516 0.058768656716417914
7 0.516502808988764 0.4528917910447761 0.11165730337078651 0.05690298507462686
14 0.6857443820224719 0.4542910447761194 0.10323033707865169 0.05690298507462686
11 0.7924859550561798 0.45615671641791045 0.07794943820224719 0.06063432835820896
6 0.3514747191011236 0.464785447761194 0.18328651685393257 0.06669776119402986