27 0.48735955056179775 0.5636660447761194 0.10814606741573034 0.12919776119402984
26 0.6478230337078652 0.6007462686567164 0.17626404494382023 0.06996268656716417
10 0.8012640449438202 0.6203358208955224 0.12219101123595505 0.04664179104477612
21 0.7531601123595506 0.8500466417910447 0.12851123595505617 0.06856343283582089
29 0.4431179775280899 0.8836287313432836 0.14606741573033707 0.0732276119402985
24 0.6113061797752809 0.8875932835820896 0.14115168539325842 0.0625
15 0.40098314606741575 0.19053171641791045 0.18820224719101122 0.10121268656716417
28 0.8054775280898876 0.20825559701492538 0.1348314606741573 0.06203358208955224
4 0.639747191011236 0.21455223880597016 0.15870786516853932 0.049440298507462684
18 0.5962078651685393 0.43050373134328357 0.07303370786516854 0.10914179104477612
6 0.43258426966292135 0.4603544776119403 0.1952247191011236 0.03731343283582089