8 0.5442415730337079 0.5844216417910447 0.25 0.0830223880597015
9 0.7872191011235955 0.6063432835820896 0.16573033707865167 0.049440298507462684
15 0.7405196629213483 0.8222947761194029 0.19592696629213482 0.1166044776119403
22 0.5888342696629213 0.8498134328358209 0.12991573033707865 0.11473880597014925
13 0.8117977528089888 0.8628731343283582 0.09691011235955056 0.13432835820895522
21 0.4002808988764045 0.8964552238805971 0.1502808988764045 0.07649253731343283
29 0.601123595505618 0.2103544776119403 0.15308988764044945 0.06623134328358209
26 0.7798455056179775 0.21175373134328357 0.12991573033707865 0.06529850746268656
23 0.43679775280898875 0.21315298507462688 0.13904494382022473 0.05690298507462686
20 0.7503511235955056 0.39715485074626866 0.11025280898876405 0.14972014925373134
25 0.48735955056179775 0.400419776119403 0.2794943820224719 0.13386194029850745
12 0.4020365168539326 0.45242537313432835 0.10323033707865169 0.05223880597014925
16 0.6530898876404494 0.46222014925373134 0.18398876404494383 0.051305970149253734