13 0.6306179775280899 0.5638992537313433 0.125 0.11007462686567164
8 0.41889044943820225 0.5928171641791045 0.17626404494382023 0.09514925373134328
2 0.7833567415730337 0.5984141791044776 0.1271067415730337 0.058768656716417914
15 0.6481741573033708 0.8624067164179104 0.18398876404494383 0.11847014925373134
5 0.42310393258426965 0.863339552238806 0.15660112359550563 0.10541044776119403
28 0.8033707865168539 0.8959888059701493 0.17275280898876405 0.09048507462686567
20 0.4101123595505618 0.16301305970149255 0.09831460674157304 0.13292910447761194
12 0.4006320224719101 0.21548507462686567 0.11165730337078651 0.04664179104477612
4 0.8103932584269663 0.2175839552238806 0.19803370786516855 0.060167910447761194
24 0.6257022471910112 0.22807835820895522 0.14606741573033707 0.028917910447761194
0 0.8223314606741573 0.44846082089552236 0.12219101123595505 0.07882462686567164
16 0.6471207865168539 0.45988805970149255 0.16924157303370788 0.05037313432835821