26 0.5481039325842697 0.5797574626865671 0.14957865168539325 0.0625
23 0.5158005617977528 0.6105410447761194 0.20856741573033707 0.06996268656716417
9 0.7240168539325843 0.6147388059701493 0.2205056179775281 0.04664179104477612
15 0.7584269662921348 0.8617070895522388 0.2205056179775281 0.10960820895522388
24 0.4417134831460674 0.8836287313432836 0.1306179775280899 0.06763059701492537
13 0.8012640449438202 0.20848880597014927 0.08567415730337079 0.04757462686567164
12 0.46383426966292135 0.21548507462686567 0.11867977528089887 0.04664179104477612
13 0.3999297752808989 0.42117537313432835 0.11446629213483146 0.10914179104477612
21 0.7970505617977528 0.447294776119403 0.15730337078651685 0.06809701492537314
28 0.6938202247191011 0.45009328358208955 0.13623595505617977 0.07929104477611941
3 0.5344101123595506 0.46455223880597013 0.11376404494382023 0.03917910447761194