19 0.4357443820224719 0.5930503731343284 0.16643258426966293 0.09375
8 0.7489466292134831 0.6047108208955224 0.20435393258426968 0.09654850746268656
27 0.6597612359550562 0.8589085820895522 0.10042134831460674 0.13759328358208955
23 0.48771067415730335 0.867070895522388 0.12851123595505617 0.06902985074626866
25 0.7700140449438202 0.9001865671641791 0.20014044943820225 0.19869402985074627
5 0.35639044943820225 0.9020522388059702 0.15098314606741572 0.11287313432835822
14 0.6913623595505618 0.21665111940298507 0.11165730337078651 0.05177238805970149
19 0.793188202247191 0.22294776119402984 0.12289325842696629 0.03731343283582089
24 0.5751404494382022 0.2297108208955224 0.12780898876404495 0.03404850746268657
18 0.3577949438202247 0.421875 0.059691011235955056 0.10121268656716417
26 0.5821629213483146 0.4395988805970149 0.1446629213483146 0.08162313432835822
0 0.7162921348314607 0.45242537313432835 0.15870786516853932 0.07462686567164178
7 0.4101123595505618 0.45592350746268656 0.125 0.05830223880597015