11 0.6520365168539326 0.5753264925373134 0.0723314606741573 0.05923507462686567
15 0.5319522471910112 0.5991138059701493 0.2169943820224719 0.07882462686567164
10 0.7478932584269663 0.6105410447761194 0.12219101123595505 0.04757462686567164
27 0.5593398876404494 0.8316231343283582 0.10323033707865169 0.13619402985074627
29 0.7033005617977528 0.8607742537313433 0.17626404494382023 0.08722014925373134
13 0.394311797752809 0.8822294776119403 0.15098314606741572 0.11520522388059702
27 0.5210674157303371 0.17723880597014927 0.12219101123595505 0.13899253731343283
26 0.8002106741573034 0.20825559701492538 0.14115168539325842 0.06110074626865672
6 0.36973314606741575 0.21688432835820895 0.1172752808988764 0.049440298507462684
19 0.6537921348314607 0.22201492537313433 0.14185393258426968 0.04664179104477612
0 0.40519662921348315 0.44846082089552236 0.18398876404494383 0.06949626865671642
4 0.7679073033707865 0.4533582089552239 0.13974719101123595 0.055970149253731345
16 0.5962078651685393 0.4612873134328358 0.18820224719101122 0.05223880597014925