22 0.40905898876404495 0.590018656716418 0.14396067415730338 0.11473880597014925
19 0.7373595505617978 0.5949160447761194 0.10252808988764045 0.06296641791044776
5 0.5235252808988764 0.8544776119402985 0.18469101123595505 0.11940298507462686
7 0.7598314606741573 0.8850279850746269 0.09129213483146068 0.08162313432835822
3 0.3686797752808989 0.8889925373134329 0.13342696629213482 0.07276119402985075
18 0.3714887640449438 0.19169776119402984 0.06179775280898876 0.09701492537313433
12 0.4585674157303371 0.21525186567164178 0.11657303370786516 0.04710820895522388
15 0.7075140449438202 0.22061567164179105 0.24508426966292135 0.058768656716417914
4 0.5080758426966292 0.4281716417910448 0.15098314606741572 0.08208955223880597
28 0.3788623595505618 0.4409981343283582 0.136938202247191 0.07789179104477612
23 0.6116573033707865 0.44799440298507465 0.1544943820224719 0.07882462686567164
9 0.7882724719101124 0.4610541044776119 0.20435393258426968 0.05177238805970149