25 0.5765449438202247 0.5618003731343284 0.24719101123595505 0.09468283582089553
11 0.7528089887640449 0.5757929104477612 0.07162921348314606 0.0480410447761194
4 0.6885533707865169 0.6124067164179104 0.1973314606741573 0.07182835820895522
26 0.4104634831460674 0.8558768656716418 0.1271067415730337 0.06716417910447761
9 0.579002808988764 0.8731343283582089 0.16924157303370788 0.09794776119402986
24 0.7907303370786517 0.8901585820895522 0.16713483146067415 0.08255597014925373
20 0.6046348314606742 0.17257462686567165 0.10814606741573034 0.15858208955223882
13 0.41713483146067415 0.17583955223880596 0.13623595505617977 0.13059701492537312
7 0.7503511235955056 0.2126865671641791 0.12289325842696629 0.049440298507462684
27 0.39536516853932585 0.3931902985074627 0.10955056179775281 0.0960820895522388
28 0.7457865168539326 0.44053171641791045 0.18117977528089887 0.08255597014925373
0 0.5530196629213483 0.45149253731343286 0.15519662921348315 0.06996268656716417