22 0.5042134831460674 0.5876865671641791 0.14325842696629212 0.09794776119402986
21 0.3574438202247191 0.6068097014925373 0.15308988764044945 0.10074626865671642
1 0.6474719101123596 0.6163712686567164 0.175561797752809 0.06763059701492537
19 0.7152387640449438 0.8717350746268657 0.061095505617977525 0.03824626865671642
19 0.8030196629213483 0.8822294776119403 0.08497191011235955 0.07789179104477612
0 0.6077949438202247 0.8910914179104478 0.10463483146067416 0.10307835820895522
25 0.4276685393258427 0.8973880597014925 0.2752808988764045 0.1501865671641791
0 0.7450842696629213 0.9092817164179104 0.09550561797752809 0.06763059701492537
8 0.764747191011236 0.20265858208955223 0.22191011235955055 0.08162313432835822
3 0.3539325842696629 0.22551305970149255 0.12780898876404495 0.03591417910447761
24 0.5129915730337079 0.2306436567164179 0.14396067415730338 0.03871268656716418
26 0.3728932584269663 0.43260261194029853 0.1306179775280899 0.06669776119402986
16 0.5712780898876404 0.454990671641791 0.19030898876404495 0.044309701492537316
7 0.6839887640449438 0.457089552238806 0.10955056179775281 0.055970149253731345
6 0.3458567415730337 0.46548507462686567 0.17626404494382023 0.07462686567164178