10 0.5909410112359551 0.4750466417910448 0.15379213483146068 0.032182835820895525
12 0.39185393258426965 0.5967817164179104 0.10955056179775281 0.05830223880597015
16 0.75 0.6103078358208955 0.19662921348314608 0.07042910447761194
3 0.5712780898876404 0.6142723880597015 0.1327247191011236 0.051305970149253734
23 0.5270365168539326 0.8486473880597015 0.1720505617977528 0.0732276119402985
1 0.4764747191011236 0.8997201492537313 0.2226123595505618 0.08675373134328358
4 0.7731741573033708 0.9036847014925373 0.16151685393258428 0.08628731343283583
19 0.8121488764044944 0.22411380597014927 0.12851123595505617 0.039645522388059705
6 0.6520365168539326 0.22691231343283583 0.20856741573033707 0.032182835820895525
22 0.7264747191011236 0.4354011194029851 0.22542134831460675 0.10401119402985075
21 0.4006320224719101 0.4409981343283582 0.13974719101123595 0.07789179104477612