24 0.7120786516853933 0.4675839552238806 0.13623595505617977 0.045242537313432835
16 0.3999297752808989 0.46805037313432835 0.17626404494382023 0.06856343283582089
22 0.3728932584269663 0.5825559701492538 0.13623595505617977 0.10634328358208955
14 0.7419241573033708 0.6152052238805971 0.09901685393258428 0.061567164179104475
21 0.5779494382022472 0.851445895522388 0.19101123595505617 0.09281716417910447
13 0.5832162921348315 0.8780317164179104 0.12570224719101122 0.1553171641791045
11 0.7110252808988764 0.898554104477612 0.07794943820224719 0.07789179104477612
15 0.36797752808988765 0.9197761194029851 0.20084269662921347 0.10541044776119403
27 0.37254213483146065 0.18050373134328357 0.1271067415730337 0.13059701492537312
1 0.5849719101123596 0.21338619402985073 0.19803370786516855 0.05457089552238806
26 0.7650983146067416 0.21571828358208955 0.14676966292134833 0.07136194029850747
0 0.5586376404494382 0.44286380597014924 0.16081460674157302 0.08348880597014925