17 0.5414325842696629 0.46968283582089554 0.2205056179775281 0.033582089552238806
8 0.7275280898876404 0.586054104477612 0.20786516853932585 0.09001865671641791
7 0.3767556179775281 0.6028451492537313 0.1172752808988764 0.06763059701492537
23 0.5516151685393258 0.6042444029850746 0.16081460674157302 0.08069029850746269
20 0.5979634831460674 0.8267257462686567 0.10603932584269662 0.17024253731343283
13 0.3904494382022472 0.859375 0.14185393258426968 0.1553171641791045
0 0.7338483146067416 0.8640391791044776 0.18258426966292135 0.09188432835820895
1 0.547752808988764 0.9095149253731343 0.22612359550561797 0.07742537313432836
20 0.7363061797752809 0.16930970149253732 0.09199438202247191 0.15391791044776118
27 0.3476123595505618 0.1765391791044776 0.10112359550561797 0.12919776119402984
6 0.5010533707865169 0.22178171641791045 0.21839887640449437 0.05363805970149254
28 0.7921348314606742 0.4505597014925373 0.12219101123595505 0.07649253731343283
26 0.36200842696629215 0.451259328358209 0.13974719101123595 0.08162313432835822
28 0.6871488764044944 0.45242537313432835 0.07794943820224719 0.051305970149253734