27 0.7496488764044944 0.5648320895522388 0.11165730337078651 0.13246268656716417
13 0.3433988764044944 0.5958488805970149 0.12359550561797752 0.14132462686567165
24 0.605688202247191 0.6149720149253731 0.12289325842696629 0.04617537313432836
20 0.6425561797752809 0.8092350746268657 0.10112359550561797 0.14458955223880596
18 0.3283005617977528 0.8456156716417911 0.05266853932584269 0.10354477611940298
2 0.5979634831460674 0.9036847014925373 0.26474719101123595 0.07975746268656717
23 0.3637640449438202 0.9237406716417911 0.17275280898876405 0.1226679104477612
13 0.3297050561797753 0.18003731343283583 0.16081460674157302 0.16138059701492538
5 0.49332865168539325 0.20382462686567165 0.1931179775280899 0.07649253731343283
0 0.6200842696629213 0.21245335820895522 0.28370786516853935 0.06949626865671642
29 0.7872191011235955 0.21875 0.10112359550561797 0.05503731343283582
26 0.3890449438202247 0.44612873134328357 0.14887640449438203 0.08255597014925373
19 0.6973314606741573 0.45615671641791045 0.20224719101123595 0.0457089552238806
6 0.5421348314606742 0.4594216417910448 0.1952247191011236 0.06809701492537314