5 0.6169241573033708 0.590018656716418 0.1678370786516854 0.09421641791044776
29 0.7629915730337079 0.59375 0.14115168539325842 0.0625
11 0.44627808988764045 0.6035447761194029 0.08356741573033707 0.06996268656716417
27 0.805126404494382 0.8292910447761194 0.09620786516853932 0.13805970149253732
13 0.37043539325842695 0.8465485074626866 0.09480337078651685 0.11847014925373134
15 0.5259831460674157 0.8668376865671642 0.20786516853932585 0.09188432835820895
6 0.7096207865168539 0.8775652985074627 0.12429775280898876 0.10027985074626866
23 0.7896769662921348 0.21455223880597016 0.14396067415730338 0.054104477611940295
24 0.6400983146067416 0.2271455223880597 0.15519662921348315 0.03264925373134328
20 0.4631320224719101 0.3983208955223881 0.08075842696629214 0.1501865671641791
22 0.7995084269662921 0.4375 0.1622191011235955 0.10074626865671642
12 0.418188202247191 0.4542910447761194 0.10463483146067416 0.05037313432835821