13 0.6348314606741573 0.5564365671641791 0.10674157303370786 0.09328358208955224
8 0.42696629213483145 0.5909514925373134 0.17837078651685392 0.08395522388059702
2 0.7861657303370787 0.5951492537313433 0.14817415730337077 0.05317164179104478
7 0.6063904494382022 0.6068097014925373 0.08356741573033707 0.06063432835820896
28 0.7728230337078652 0.8479477611940298 0.15519662921348315 0.07929104477611941
15 0.4041432584269663 0.8754664179104478 0.13412921348314608 0.14925373134328357
5 0.6221910112359551 0.8761660447761194 0.17134831460674158 0.11054104477611941
20 0.413623595505618 0.17140858208955223 0.10955056179775281 0.15065298507462688
12 0.824438202247191 0.21618470149253732 0.13202247191011235 0.04057835820895522
4 0.6678370786516854 0.21828358208955223 0.1502808988764045 0.04197761194029851
24 0.5140449438202247 0.22527985074626866 0.125 0.03731343283582089
27 0.7289325842696629 0.41044776119402987 0.10814606741573034 0.12126865671641791
0 0.48771067415730335 0.4375 0.238061797752809 0.06063432835820896
6 0.37359550561797755 0.4626865671641791 0.13904494382022473 0.06063432835820896