19 0.3476123595505618 0.46711753731343286 0.15589887640449437 0.049906716417910446
27 0.7482443820224719 0.5627332089552238 0.11025280898876405 0.13666044776119404
13 0.3377808988764045 0.5848880597014925 0.1306179775280899 0.10727611940298508
7 0.5607443820224719 0.5939832089552238 0.11306179775280899 0.06856343283582089
20 0.641502808988764 0.8138992537313433 0.09199438202247191 0.15391791044776118
18 0.32689606741573035 0.8428171641791045 0.05407303370786517 0.09888059701492537
2 0.5955056179775281 0.902285447761194 0.2640449438202247 0.07695895522388059
23 0.36446629213483145 0.9202425373134329 0.1699438202247191 0.12126865671641791
3 0.7584269662921348 0.9524253731343284 0.17275280898876405 0.07929104477611941
13 0.33497191011235955 0.17444029850746268 0.17696629213483145 0.14458955223880596
26 0.488061797752809 0.20872201492537312 0.16432584269662923 0.07229477611940298
29 0.7320926966292135 0.21431902985074627 0.18890449438202248 0.06763059701492537
5 0.7341994382022472 0.44636194029850745 0.17345505617977527 0.08675373134328358
24 0.5705758426966292 0.46548507462686567 0.12289325842696629 0.03264925373134328