8 0.7278792134831461 0.5881529850746269 0.20856741573033707 0.08768656716417911
7 0.3732443820224719 0.6012126865671642 0.1172752808988764 0.06623134328358209
23 0.5502106741573034 0.6019123134328358 0.1580056179775281 0.0853544776119403
13 0.5951544943820225 0.8507462686567164 0.1580056179775281 0.08861940298507463
0 0.7331460674157303 0.8619402985074627 0.1699438202247191 0.1044776119402985
27 0.4058988764044944 0.863106343283582 0.11235955056179775 0.14225746268656717
1 0.5445926966292135 0.9111473880597015 0.2169943820224719 0.08255597014925373
20 0.730688202247191 0.16907649253731344 0.09058988764044944 0.15625
6 0.38974719101123595 0.2196828358208955 0.21348314606741572 0.04757462686567164
3 0.5740870786516854 0.22178171641791045 0.136938202247191 0.039645522388059705
26 0.3591994382022472 0.45638992537313433 0.14536516853932585 0.08722014925373134
29 0.5663623595505618 0.4566231343283582 0.21137640449438203 0.0708955223880597
19 0.7468398876404494 0.46385261194029853 0.18328651685393257 0.05083955223880597