24 0.7787921348314607 0.47201492537313433 0.13202247191011235 0.033582089552238806
13 0.41502808988764045 0.558768656716418 0.14887640449438203 0.10727611940298508
8 0.7556179775280899 0.605643656716418 0.20084269662921347 0.09188432835820895
6 0.5530196629213483 0.6140391791044776 0.22401685393258428 0.0732276119402985
21 0.3634129213483146 0.6154384328358209 0.15379213483146068 0.11333955223880597
13 0.6327247191011236 0.8607742537313433 0.16292134831460675 0.11800373134328358
29 0.4020365168539326 0.8796641791044776 0.16081460674157302 0.09888059701492537
26 0.8019662921348315 0.2080223880597015 0.18398876404494383 0.07462686567164178
7 0.5909410112359551 0.21455223880597016 0.09620786516853932 0.051305970149253734
25 0.3785112359550562 0.435634328358209 0.23314606741573032 0.13152985074626866
28 0.5944522471910112 0.44892723880597013 0.2169943820224719 0.0732276119402985