13 0.5308988764044944 0.5690298507462687 0.14185393258426968 0.14085820895522388
5 0.3672752808988764 0.5984141791044776 0.17134831460674158 0.09701492537313433
6 0.769311797752809 0.6182369402985075 0.1818820224719101 0.07695895522388059
22 0.6495786516853933 0.8598414179104478 0.14325842696629212 0.12360074626865672
19 0.36235955056179775 0.8803638059701493 0.15168539325842698 0.07882462686567164
1 0.5168539325842697 0.8805970149253731 0.19803370786516855 0.11194029850746269
25 0.7271769662921348 0.20335820895522388 0.26053370786516855 0.0830223880597015
29 0.38728932584269665 0.20475746268656717 0.19452247191011235 0.08022388059701492
15 0.5354634831460674 0.2199160447761194 0.1622191011235955 0.0480410447761194
23 0.7180477528089888 0.4519589552238806 0.11867977528089887 0.055970149253731345
7 0.6232443820224719 0.4566231343283582 0.15379213483146068 0.061567164179104475
16 0.39396067415730335 0.46222014925373134 0.19241573033707865 0.054104477611940295