29 0.8089887640449438 0.6007462686567164 0.13904494382022473 0.05783582089552239
24 0.47331460674157305 0.6114738805970149 0.13202247191011235 0.05783582089552239
9 0.43820224719101125 0.8708022388059702 0.17275280898876405 0.08395522388059702
15 0.7018960674157303 0.8843283582089553 0.25912921348314605 0.0960820895522388
27 0.6197331460674157 0.17583955223880596 0.10603932584269662 0.13992537313432835
5 0.4750702247191011 0.20522388059701493 0.1875 0.08115671641791045
4 0.7587780898876404 0.21455223880597016 0.15379213483146068 0.049440298507462684
11 0.5600421348314607 0.43586753731343286 0.06952247191011236 0.03871268656716418
7 0.5200140449438202 0.44822761194029853 0.13974719101123595 0.04477611940298507
12 0.8279494382022472 0.453125 0.11095505617977527 0.045242537313432835
3 0.7050561797752809 0.45848880597014924 0.13202247191011235 0.03731343283582089