28 0.6242977528089888 0.5853544776119403 0.09691011235955056 0.051305970149253734
28 0.44276685393258425 0.5946828358208955 0.2535112359550562 0.08582089552238806
11 0.7650983146067416 0.6047108208955224 0.09199438202247191 0.06856343283582089
9 0.6141151685393258 0.8768656716417911 0.1973314606741573 0.08115671641791045
4 0.40905898876404495 0.8852611940298507 0.1622191011235955 0.08582089552238806
24 0.7928370786516854 0.8892257462686567 0.13904494382022473 0.07789179104477612
13 0.4160814606741573 0.1828358208955224 0.12008426966292135 0.13526119402985073
7 0.5779494382022472 0.21548507462686567 0.10112359550561797 0.04197761194029851
0 0.7882724719101124 0.22014925373134328 0.09480337078651685 0.06063432835820896
27 0.39747191011235955 0.39552238805970147 0.10955056179775281 0.08861940298507463
20 0.5063202247191011 0.39972014925373134 0.09410112359550561 0.14925373134328357
15 0.7868679775280899 0.4608208955223881 0.1818820224719101 0.06343283582089553