5 0.6278089887640449 0.5767257462686567 0.16573033707865167 0.09188432835820895
17 0.3226825842696629 0.5774253731343284 0.06811797752808989 0.14458955223880596
27 0.7921348314606742 0.5855876865671642 0.1151685393258427 0.14225746268656717
1 0.44066011235955055 0.5902518656716418 0.18328651685393257 0.07602611940298508
21 0.6724016853932584 0.5918843283582089 0.19592696629213482 0.08675373134328358
20 0.7636938202247191 0.8176305970149254 0.08356741573033707 0.15391791044776118
20 0.6713483146067416 0.8213619402985075 0.10252808988764045 0.16417910447761194
15 0.3981741573033708 0.8624067164179104 0.20926966292134833 0.12033582089552239
24 0.5660112359550562 0.8747667910447762 0.11376404494382023 0.06203358208955224
0 0.7475421348314607 0.8878264925373134 0.19592696629213482 0.09095149253731344
25 0.37956460674157305 0.18330223880597016 0.24508426966292135 0.12126865671641791
22 0.7914325842696629 0.19426305970149255 0.12921348314606743 0.09654850746268656
29 0.65625 0.21082089552238806 0.16081460674157302 0.06529850746268656
6 0.4722612359550562 0.22178171641791045 0.2169943820224719 0.05363805970149254
8 0.41292134831460675 0.4493936567164179 0.2710674157303371 0.08069029850746269
7 0.7219101123595506 0.45592350746268656 0.1502808988764045 0.05830223880597015