7 0.5259831460674157 0.5981809701492538 0.1446629213483146 0.06110074626865672
12 0.7331460674157303 0.5998134328358209 0.12359550561797752 0.05317164179104478
20 0.37359550561797755 0.6000466417910447 0.10252808988764045 0.09281716417910447
25 0.43855337078651685 0.8029384328358209 0.23665730337078653 0.14225746268656717
24 0.7443820224719101 0.8563432835820896 0.12921348314606743 0.06809701492537314
2 0.5726825842696629 0.886893656716418 0.2169943820224719 0.10867537313432836
23 0.37394662921348315 0.8936567164179104 0.13553370786516855 0.0830223880597015
29 0.6232443820224719 0.21175373134328357 0.16924157303370788 0.06063432835820896
3 0.7907303370786517 0.22178171641791045 0.15589887640449437 0.04337686567164179
6 0.4234550561797753 0.2259794776119403 0.24157303370786518 0.032182835820895525
27 0.7110252808988764 0.44402985074626866 0.1973314606741573 0.07929104477611941
16 0.4729634831460674 0.45965485074626866 0.29002808988764045 0.05550373134328358