10 0.7626404494382022 0.47947761194029853 0.23735955056179775 0.02332089552238806
26 0.6383426966292135 0.5970149253731343 0.15730337078651685 0.07182835820895522
23 0.8047752808988764 0.6002798507462687 0.15730337078651685 0.07462686567164178
9 0.4508426966292135 0.6026119402985075 0.125 0.051305970149253734
24 0.7377106741573034 0.8722014925373134 0.1271067415730337 0.06529850746268656
22 0.40308988764044945 0.878964552238806 0.13623595505617977 0.11986940298507463
29 0.574438202247191 0.8969216417910447 0.16432584269662923 0.08395522388059702
25 0.4884129213483146 0.20848880597014927 0.2830056179775281 0.05503731343283582
7 0.7370084269662921 0.2103544776119403 0.09058988764044944 0.04477611940298507
27 0.7851123595505618 0.408115671641791 0.12219101123595505 0.1259328358208955
21 0.6316713483146067 0.44449626865671643 0.14676966292134833 0.058768656716417914
6 0.43258426966292135 0.46175373134328357 0.18117977528089887 0.04664179104477612