23 0.480688202247191 0.5792910447761194 0.15519662921348315 0.07276119402985075
28 0.7612359550561798 0.5949160447761194 0.17415730337078653 0.09468283582089553
21 0.586376404494382 0.6030783582089553 0.15308988764044945 0.07649253731343283
10 0.3813202247191011 0.6254664179104478 0.10955056179775281 0.049440298507462684
15 0.7138342696629213 0.8717350746268657 0.25912921348314605 0.09981343283582089
4 0.3981741573033708 0.875 0.13623595505617977 0.08675373134328358
13 0.7819522471910112 0.19892723880597016 0.09901685393258428 0.09188432835820895
26 0.41502808988764045 0.20965485074626866 0.18398876404494383 0.06296641791044776
18 0.75 0.4221082089552239 0.060393258426966294 0.1044776119402985
11 0.5786516853932584 0.44822761194029853 0.07724719101123595 0.07182835820895522
25 0.7025983146067416 0.4533582089552239 0.3012640449438202 0.07276119402985075
24 0.42521067415730335 0.462919776119403 0.12008426966292135 0.032182835820895525