24 0.5379213483146067 0.47038246268656714 0.13623595505617977 0.042444029850746266
22 0.3693820224719101 0.5886194029850746 0.13623595505617977 0.09701492537313433
8 0.7542134831460674 0.6035447761194029 0.20084269662921347 0.09421641791044776
3 0.545997191011236 0.6224347014925373 0.14115168539325842 0.06389925373134328
23 0.7675561797752809 0.8782649253731343 0.16853932584269662 0.10541044776119403
19 0.5056179775280899 0.8791977611940298 0.1404494382022472 0.08488805970149253
28 0.6358848314606742 0.8831623134328358 0.13974719101123595 0.11986940298507463
6 0.37780898876404495 0.8850279850746269 0.17837078651685392 0.12360074626865672
27 0.8019662921348315 0.16930970149253732 0.125 0.13992537313432835
26 0.6558988764044944 0.20009328358208955 0.14887640449438203 0.08395522388059702
7 0.3964185393258427 0.21361940298507462 0.1172752808988764 0.051305970149253734
18 0.7061095505617978 0.435634328358209 0.059691011235955056 0.11380597014925373
5 0.3890449438202247 0.4388992537313433 0.16432584269662923 0.0914179104477612
14 0.7029494382022472 0.45265858208955223 0.10393258426966293 0.0480410447761194
11 0.797752808988764 0.45615671641791045 0.08286516853932584 0.06996268656716417