8 0.5186095505617978 0.5956156716417911 0.17064606741573032 0.08115671641791045
9 0.7524578651685393 0.6147388059701493 0.1622191011235955 0.05223880597014925
12 0.8065308988764045 0.8777985074626866 0.10323033707865169 0.06902985074626866
21 0.4476825842696629 0.8777985074626866 0.15379213483146068 0.08582089552238806
24 0.6169241573033708 0.9113805970149254 0.13974719101123595 0.07182835820895522
28 0.7556179775280899 0.21338619402985073 0.12780898876404495 0.06203358208955224
26 0.4297752808988764 0.21548507462686567 0.16432584269662923 0.05317164179104478
3 0.589185393258427 0.22761194029850745 0.1544943820224719 0.026119402985074626
13 0.5115870786516854 0.4319029850746269 0.0976123595505618 0.11753731343283583
7 0.6639747191011236 0.447294776119403 0.136938202247191 0.04757462686567164
23 0.4006320224719101 0.4545242537313433 0.14115168539325842 0.06669776119402986