10 0.5754915730337079 0.4743470149253731 0.16502808988764045 0.030783582089552237
7 0.42872191011235955 0.6040111940298507 0.14396067415730338 0.05503731343283582
29 0.6776685393258427 0.6058768656716418 0.14747191011235955 0.0625
27 0.805126404494382 0.8292910447761194 0.09620786516853932 0.13805970149253732
13 0.37043539325842695 0.8465485074626866 0.09480337078651685 0.11847014925373134
15 0.5259831460674157 0.8668376865671642 0.20786516853932585 0.09188432835820895
6 0.7096207865168539 0.8775652985074627 0.12429775280898876 0.10027985074626866
23 0.7896769662921348 0.21455223880597016 0.14396067415730338 0.054104477611940295
24 0.6400983146067416 0.2271455223880597 0.15519662921348315 0.03264925373134328
20 0.4631320224719101 0.3983208955223881 0.08075842696629214 0.1501865671641791
5 0.7640449438202247 0.4398320895522388 0.17275280898876405 0.08861940298507463
11 0.6422050561797753 0.4449626865671642 0.06952247191011236 0.05970149253731343
12 0.418188202247191 0.4542910447761194 0.10463483146067416 0.05037313432835821