15 0.7120786516853933 0.46828358208955223 0.34831460674157305 0.05970149253731343
22 0.7061095505617978 0.5753264925373134 0.14817415730337077 0.08722014925373134
2 0.38202247191011235 0.6096082089552238 0.1502808988764045 0.055970149253731345
24 0.5765449438202247 0.6266324626865671 0.1601123595505618 0.049906716417910446
29 0.40765449438202245 0.8794309701492538 0.16081460674157302 0.10027985074626866
8 0.7507022471910112 0.8875932835820896 0.20084269662921347 0.12126865671641791
5 0.7492977528089888 0.20522388059701493 0.2050561797752809 0.06809701492537314
1 0.5877808988764045 0.2224813432835821 0.2050561797752809 0.055970149253731345
3 0.36200842696629215 0.22434701492537312 0.14817415730337077 0.048507462686567165
25 0.7127808988764045 0.412080223880597 0.27668539325842695 0.11520522388059702
26 0.5038623595505618 0.4435634328358209 0.16081460674157302 0.07555970149253731
21 0.36797752808988765 0.44799440298507465 0.1446629213483146 0.09468283582089553