13 0.6278089887640449 0.5659981343283582 0.125 0.10867537313432836
8 0.4199438202247191 0.59375 0.1896067415730337 0.09235074626865672
2 0.7777387640449438 0.6035447761194029 0.14396067415730338 0.061567164179104475
7 0.5965589887640449 0.6086753731343284 0.07373595505617977 0.0625
27 0.39150280898876405 0.8260261194029851 0.10182584269662921 0.13152985074626866
19 0.620435393258427 0.8521455223880597 0.09901685393258428 0.043843283582089554
19 0.5326544943820225 0.8596082089552238 0.05828651685393258 0.04011194029850746
20 0.39712078651685395 0.17140858208955223 0.12148876404494383 0.15625
4 0.516502808988764 0.21875 0.14115168539325842 0.051305970149253734
12 0.8037219101123596 0.2196828358208955 0.12008426966292135 0.0457089552238806
6 0.6611657303370787 0.23600746268656717 0.16924157303370788 0.020522388059701493
0 0.47787921348314605 0.43236940298507465 0.22682584269662923 0.04011194029850746
16 0.47717696629213485 0.45988805970149255 0.2563202247191011 0.048507462686567165