5 0.5888342696629213 0.5764925373134329 0.17626404494382023 0.09421641791044776
17 0.3223314606741573 0.5776585820895522 0.060393258426966294 0.14598880597014927
1 0.4375 0.5844216417910447 0.18398876404494383 0.06902985074626866
21 0.7633426966292135 0.5998134328358209 0.16292134831460675 0.0960820895522388
3 0.4318820224719101 0.6254664179104478 0.13342696629213482 0.05503731343283582
20 0.6716994382022472 0.8187966417910447 0.09901685393258428 0.15625
20 0.7675561797752809 0.8208955223880597 0.08707865168539326 0.15858208955223882
15 0.40554775280898875 0.867304104477612 0.1973314606741573 0.10867537313432836
24 0.5691713483146067 0.8724347014925373 0.11165730337078651 0.06669776119402986
0 0.7447331460674157 0.8917910447761194 0.19592696629213482 0.08488805970149253
22 0.7917837078651685 0.19636194029850745 0.13974719101123595 0.08955223880597014
6 0.6594101123595506 0.2196828358208955 0.16573033707865167 0.05223880597014925
8 0.4202949438202247 0.4519589552238806 0.27598314606741575 0.08768656716417911
7 0.6896067415730337 0.45778917910447764 0.10814606741573034 0.05923507462686567