7 0.5832162921348315 0.5904850746268657 0.13553370786516855 0.058768656716417914
12 0.7542134831460674 0.5993470149253731 0.12078651685393259 0.055970149253731345
9 0.39957865168539325 0.6072761194029851 0.19382022471910113 0.06996268656716417
5 0.5330056179775281 0.8369869402985075 0.16292134831460675 0.10960820895522388
8 0.7212078651685393 0.8743003731343284 0.2752808988764045 0.11333955223880597
23 0.3848314606741573 0.8889925373134329 0.14185393258426968 0.08115671641791045
21 0.3886938202247191 0.20638992537313433 0.15660112359550563 0.06856343283582089
6 0.7889747191011236 0.2294776119402985 0.2324438202247191 0.029850746268656716
10 0.5196629213483146 0.23717350746268656 0.1306179775280899 0.018190298507462687
20 0.42275280898876405 0.40694962686567165 0.10252808988764045 0.16744402985074627
27 0.5688202247191011 0.4158115671641791 0.09550561797752809 0.1310634328358209
29 0.75 0.447294776119403 0.16432584269662923 0.0830223880597015