26 0.6400983146067416 0.6035447761194029 0.1678370786516854 0.07742537313432836
9 0.4476825842696629 0.6072761194029851 0.17485955056179775 0.055970149253731345
23 0.8068820224719101 0.6089085820895522 0.16432584269662923 0.07509328358208955
24 0.7457865168539326 0.8770988805970149 0.13342696629213482 0.07042910447761194
22 0.3964185393258427 0.8861940298507462 0.14536516853932585 0.1296641791044776
29 0.5747893258426966 0.9020522388059702 0.1678370786516854 0.08861940298507463
27 0.5754915730337079 0.17537313432835822 0.11587078651685394 0.1417910447761194
7 0.730688202247191 0.21128731343283583 0.08497191011235955 0.043843283582089554
10 0.37394662921348315 0.2332089552238806 0.136938202247191 0.020522388059701493
5 0.7714185393258427 0.43236940298507465 0.17907303370786518 0.08675373134328358
1 0.5944522471910112 0.45755597014925375 0.1875 0.06996268656716417
6 0.4315308988764045 0.46385261194029853 0.16924157303370788 0.05177238805970149