8 0.5635533707865169 0.5991138059701493 0.2773876404494382 0.0853544776119403
12 0.3711376404494382 0.6033115671641791 0.11306179775280899 0.05830223880597015
9 0.776685393258427 0.6070429104477612 0.2148876404494382 0.07229477611940298
2 0.6952247191011236 0.8766324626865671 0.2148876404494382 0.10027985074626866
16 0.3985252808988764 0.8801305970149254 0.1776685393258427 0.0960820895522388
10 0.5270365168539326 0.8882929104477612 0.10323033707865169 0.07695895522388059
15 0.34691011235955055 0.18913246268656717 0.13623595505617977 0.11147388059701492
22 0.742626404494382 0.1984608208955224 0.19592696629213482 0.08815298507462686
7 0.5709269662921348 0.21735074626865672 0.09269662921348315 0.043843283582089554
18 0.6604634831460674 0.4183768656716418 0.0625 0.10167910447761194
26 0.5424859550561798 0.44892723880597013 0.17064606741573032 0.06763059701492537
11 0.4002808988764045 0.4556902985074627 0.0800561797752809 0.06623134328358209
4 0.7833567415730337 0.45965485074626866 0.14817415730337077 0.05457089552238806