27 0.48911516853932585 0.5629664179104478 0.11165730337078651 0.13152985074626866
24 0.6731039325842697 0.6068097014925373 0.13132022471910113 0.051305970149253734
10 0.807935393258427 0.6196361940298507 0.13412921348314608 0.05363805970149254
26 0.4490870786516854 0.8703358208955224 0.12851123595505617 0.08768656716417911
9 0.7085674157303371 0.890625 0.19662921348314608 0.07509328358208955
15 0.4002808988764045 0.19169776119402984 0.19241573033707865 0.10354477611940298
5 0.6404494382022472 0.2019589552238806 0.18117977528089887 0.0830223880597015
28 0.8054775280898876 0.20942164179104478 0.11797752808988764 0.06996268656716417
11 0.557935393258427 0.4449626865671642 0.07514044943820225 0.061567164179104475
27 0.4199438202247191 0.44869402985074625 0.1348314606741573 0.04664179104477612
12 0.8297050561797753 0.45802238805970147 0.10884831460674158 0.05037313432835821
3 0.6499297752808989 0.46548507462686567 0.15098314606741572 0.03171641791044776