13 0.5881320224719101 0.5895522388059702 0.1678370786516854 0.11940298507462686
29 0.7268258426966292 0.5904850746268657 0.14747191011235955 0.08022388059701492
25 0.38974719101123595 0.6068097014925373 0.2696629213483146 0.08488805970149253
2 0.3806179775280899 0.8864272388059702 0.1853932584269663 0.09375
24 0.5410814606741573 0.8903917910447762 0.12570224719101122 0.058768656716417914
7 0.7475421348314607 0.8908582089552238 0.10884831460674158 0.07462686567164178
27 0.34129213483146065 0.17630597014925373 0.11797752808988764 0.13805970149253732
27 0.5916432584269663 0.1837686567164179 0.11867977528089887 0.12126865671641791
6 0.6348314606741573 0.212919776119403 0.30337078651685395 0.07229477611940298
0 0.45435393258426965 0.21525186567164178 0.16292134831460675 0.06389925373134328
11 0.7805477528089888 0.21641791044776118 0.07935393258426966 0.05317164179104478
21 0.7033005617977528 0.4395988805970149 0.20014044943820225 0.09001865671641791
8 0.3577949438202247 0.44612873134328357 0.20856741573033707 0.09095149253731344