13 0.5400280898876404 0.5720615671641791 0.13202247191011235 0.13759328358208955
3 0.6843398876404494 0.5932835820895522 0.15098314606741572 0.05783582089552239
5 0.3732443820224719 0.5986473880597015 0.17626404494382023 0.09841417910447761
0 0.7791432584269663 0.8542444029850746 0.09058988764044944 0.0732276119402985
22 0.6555477528089888 0.8598414179104478 0.14396067415730338 0.12453358208955224
1 0.519311797752809 0.8805970149253731 0.1973314606741573 0.10914179104477612
19 0.3686797752808989 0.8808302238805971 0.15308988764044945 0.07975746268656717
25 0.7282303370786517 0.20475746268656717 0.25842696629213485 0.0830223880597015
29 0.3925561797752809 0.20615671641791045 0.21207865168539325 0.08675373134328358
15 0.5452949438202247 0.2175839552238806 0.16362359550561797 0.057369402985074626
23 0.7089185393258427 0.44799440298507465 0.1327247191011236 0.06669776119402986
7 0.6274578651685393 0.4566231343283582 0.1678370786516854 0.07182835820895522
16 0.39782303370786515 0.46408582089552236 0.19030898876404495 0.05503731343283582