12 0.7507022471910112 0.5967817164179104 0.0997191011235955 0.052705223880597014
7 0.5800561797752809 0.5970149253731343 0.07303370786516854 0.049440298507462684
1 0.39009831460674155 0.6098414179104478 0.15519662921348315 0.08162313432835822
5 0.7415730337078652 0.8703358208955224 0.16151685393258428 0.11380597014925373
9 0.574438202247191 0.8875932835820896 0.23735955056179775 0.10541044776119403
20 0.579002808988764 0.16254664179104478 0.10603932584269662 0.16557835820895522
23 0.3999297752808989 0.20708955223880596 0.19171348314606743 0.07369402985074627
10 0.7324438202247191 0.2381063432835821 0.1306179775280899 0.012593283582089552
27 0.6867977528089888 0.42117537313432835 0.12780898876404495 0.14085820895522388
21 0.40344101123595505 0.43656716417910446 0.16502808988764045 0.08208955223880597
29 0.7910814606741573 0.4386660447761194 0.12991573033707865 0.08908582089552239