19 0.4978932584269663 0.5788246268656716 0.05758426966292135 0.03171641791044776
15 0.40765449438202245 0.5792910447761194 0.1875 0.11287313432835822
22 0.7461376404494382 0.5921175373134329 0.1720505617977528 0.10587686567164178
19 0.605688202247191 0.5993470149253731 0.0625 0.03731343283582089
19 0.5417837078651685 0.6110074626865671 0.06530898876404495 0.03731343283582089
2 0.7201544943820225 0.8831623134328358 0.1818820224719101 0.09654850746268656
25 0.46558988764044945 0.9041511194029851 0.2345505617977528 0.13759328358208955
13 0.3535814606741573 0.18773320895522388 0.10884831460674158 0.10401119402985075
23 0.7570224719101124 0.20872201492537312 0.1502808988764045 0.06763059701492537
12 0.5210674157303371 0.21595149253731344 0.15589887640449437 0.04664179104477612
7 0.5558286516853933 0.44449626865671643 0.09199438202247191 0.05503731343283582
3 0.36797752808988765 0.46198694029850745 0.11376404494382023 0.044309701492537316