21 0.4431179775280899 0.5951492537313433 0.2050561797752809 0.10261194029850747
29 0.7366573033707865 0.5995802238805971 0.16573033707865167 0.08162313432835822
24 0.5835674157303371 0.6222014925373134 0.14325842696629212 0.054104477611940295
20 0.7341994382022472 0.8255597014925373 0.10463483146067416 0.16791044776119404
20 0.6625702247191011 0.8456156716417911 0.09199438202247191 0.16791044776119404
13 0.37008426966292135 0.8740671641791045 0.1348314606741573 0.1287313432835821
3 0.5308988764044944 0.8775652985074627 0.12921348314606743 0.06389925373134328
13 0.5445926966292135 0.17374067164179105 0.15098314606741572 0.1394589552238806
0 0.766502808988764 0.21245335820895522 0.17626404494382023 0.06763059701492537
14 0.4080056179775281 0.212919776119403 0.09410112359550561 0.05923507462686567
26 0.6218398876404494 0.4395988805970149 0.15098314606741572 0.07136194029850747
1 0.43609550561797755 0.45009328358208955 0.2205056179775281 0.08395522388059702