13 0.4785814606741573 0.5583022388059702 0.1327247191011236 0.11007462686567164
21 0.4058988764044944 0.5991138059701493 0.15870786516853932 0.10401119402985075
6 0.7707162921348315 0.621268656716418 0.1720505617977528 0.07462686567164178
24 0.5691713483146067 0.6236007462686567 0.12289325842696629 0.04477611940298507
26 0.5 0.8642723880597015 0.16292134831460675 0.10261194029850747
19 0.35287921348314605 0.8815298507462687 0.12008426966292135 0.08022388059701492
2 0.7521067415730337 0.8857276119402985 0.20646067415730338 0.0960820895522388
13 0.8002106741573034 0.19402985074626866 0.11867977528089887 0.10541044776119403
15 0.4083567415730337 0.2150186567164179 0.25070224719101125 0.05690298507462686
20 0.598314606741573 0.3943563432835821 0.10814606741573034 0.14225746268656717
25 0.4199438202247191 0.4437966417910448 0.2345505617977528 0.08255597014925373
29 0.567064606741573 0.4610541044776119 0.18890449438202248 0.06389925373134328
16 0.7524578651685393 0.46338619402985076 0.1931179775280899 0.057369402985074626