3 0.6218398876404494 0.47038246268656714 0.14676966292134833 0.04617537313432836
13 0.4122191011235955 0.5652985074626866 0.14887640449438203 0.13619402985074627
8 0.7531601123595506 0.6028451492537313 0.2029494382022472 0.09095149253731344
21 0.36060393258426965 0.6091417910447762 0.13834269662921347 0.10074626865671642
6 0.5554775280898876 0.6138059701492538 0.22191011235955055 0.07555970149253731
1 0.7847612359550562 0.8756996268656716 0.1678370786516854 0.1226679104477612
17 0.4195926966292135 0.9067164179104478 0.18609550561797752 0.0914179104477612
11 0.6348314606741573 0.9137126865671642 0.0898876404494382 0.07462686567164178
26 0.3595505617977528 0.20475746268656717 0.15589887640449437 0.08675373134328358
7 0.589185393258427 0.212919776119403 0.0997191011235955 0.049906716417910446
24 0.7808988764044944 0.2259794776119403 0.11797752808988764 0.029384328358208957
14 0.6702949438202247 0.44053171641791045 0.09620786516853932 0.03591417910447761
29 0.5603932584269663 0.4435634328358209 0.15730337078651685 0.07555970149253731
5 0.38342696629213485 0.44449626865671643 0.15308988764044945 0.09328358208955224
19 0.7377106741573034 0.45592350746268656 0.1973314606741573 0.039645522388059705