7 0.5389747191011236 0.5988805970149254 0.13974719101123595 0.05690298507462686
21 0.37183988764044945 0.5998134328358209 0.13132022471910113 0.0960820895522388
8 0.7507022471910112 0.6044776119402985 0.20084269662921347 0.08955223880597014
0 0.704002808988764 0.8647388059701493 0.14676966292134833 0.07929104477611941
16 0.4515449438202247 0.8931902985074627 0.14325842696629212 0.09514925373134328
5 0.6228932584269663 0.8955223880597015 0.17415730337078653 0.12779850746268656
27 0.7784410112359551 0.18120335820895522 0.12991573033707865 0.12919776119402984
26 0.43820224719101125 0.20569029850746268 0.17696629213483145 0.07929104477611941
29 0.6214887640449438 0.21175373134328357 0.16432584269662923 0.05690298507462686
15 0.4627808988764045 0.439365671641791 0.29634831460674155 0.08675373134328358
3 0.3532303370786517 0.46455223880597013 0.1151685393258427 0.05317164179104478
17 0.738061797752809 0.46548507462686567 0.26264044943820225 0.03917910447761194