8 0.7577247191011236 0.6058768656716418 0.20786516853932585 0.09421641791044776
29 0.5621488764044944 0.609375 0.15379213483146068 0.08722014925373134
3 0.3707865168539326 0.6231343283582089 0.13623595505617977 0.049440298507462684
25 0.7882724719101124 0.8563432835820896 0.14676966292134833 0.22014925373134328
21 0.6573033707865169 0.8756996268656716 0.13764044943820225 0.11333955223880597
17 0.4006320224719101 0.8999533582089553 0.20014044943820225 0.08069029850746269
26 0.37605337078651685 0.20102611940298507 0.1678370786516854 0.08955223880597014
7 0.5839185393258427 0.21175373134328357 0.08216292134831461 0.04757462686567164
14 0.7155898876404494 0.22271455223880596 0.0997191011235955 0.0480410447761194
19 0.8012640449438202 0.22504664179104478 0.13202247191011235 0.04337686567164179
18 0.7492977528089888 0.40671641791044777 0.06179775280898876 0.06809701492537314
5 0.39957865168539325 0.4279384328358209 0.1853932584269663 0.07042910447761194
15 0.7823033707865169 0.45149253731343286 0.17696629213483145 0.0914179104477612
28 0.3967696629213483 0.4587220149253731 0.2752808988764045 0.07229477611940298
6 0.6232443820224719 0.45965485074626866 0.19592696629213482 0.06296641791044776