12 0.7341994382022472 0.5928171641791045 0.1327247191011236 0.048507462686567165
20 0.3788623595505618 0.6007462686567164 0.10603932584269662 0.09514925373134328
7 0.5294943820224719 0.6007462686567164 0.1348314606741573 0.06063432835820896
25 0.6945224719101124 0.8022388059701493 0.23735955056179775 0.11847014925373134
5 0.5252808988764045 0.8768656716417911 0.1502808988764045 0.11847014925373134
23 0.37183988764044945 0.8959888059701493 0.13412921348314608 0.08582089552238806
2 0.7356039325842697 0.9071828358208955 0.22542134831460675 0.06716417910447761
29 0.5962078651685393 0.21921641791044777 0.14325842696629212 0.05317164179104478
6 0.7791432584269663 0.22154850746268656 0.20435393258426968 0.051305970149253734
3 0.4550561797752809 0.22994402985074627 0.1502808988764045 0.03731343283582089
27 0.6432584269662921 0.41674440298507465 0.11376404494382023 0.13666044776119404
19 0.7840589887640449 0.4610541044776119 0.17485955056179775 0.060167910447761194
16 0.42907303370786515 0.4650186567164179 0.14887640449438203 0.04664179104477612