24 0.36235955056179775 0.4724813432835821 0.12359550561797752 0.04291044776119403
22 0.7029494382022472 0.5790578358208955 0.15308988764044945 0.08628731343283583
2 0.3785112359550562 0.6065764925373134 0.12780898876404495 0.044309701492537316
29 0.4020365168539326 0.8815298507462687 0.16081460674157302 0.10261194029850747
8 0.7478932584269663 0.8854944029850746 0.20646067415730338 0.11054104477611941
7 0.5674157303370787 0.886893656716418 0.10112359550561797 0.08255597014925373
21 0.3813202247191011 0.1993936567164179 0.16573033707865167 0.0853544776119403
5 0.7433286516853933 0.2019589552238806 0.1931179775280899 0.07462686567164178
3 0.6067415730337079 0.224580223880597 0.1348314606741573 0.029384328358208957
26 0.5003511235955056 0.441464552238806 0.14957865168539325 0.07136194029850747
1 0.6934691011235955 0.4475279850746269 0.18609550561797752 0.07416044776119403