22 0.7422752808988764 0.5869869402985075 0.1601123595505618 0.11054104477611941
15 0.41713483146067415 0.5946828358208955 0.17837078651685392 0.1044776119402985
24 0.5761938202247191 0.6070429104477612 0.15519662921348315 0.05457089552238806
2 0.7229634831460674 0.8731343283582089 0.21839887640449437 0.07929104477611941
25 0.4803370786516854 0.9069496268656716 0.2907303370786517 0.13852611940298507
13 0.35603932584269665 0.1886660447761194 0.10393258426966293 0.11054104477611941
23 0.7615870786516854 0.2103544776119403 0.16924157303370788 0.06716417910447761
12 0.5235252808988764 0.2196828358208955 0.1622191011235955 0.048507462686567165
0 0.3981741573033708 0.4361007462686567 0.07584269662921349 0.051305970149253734
19 0.5554775280898876 0.46338619402985076 0.13202247191011235 0.049906716417910446
3 0.3785112359550562 0.46408582089552236 0.12921348314606743 0.04197761194029851