13 0.5449438202247191 0.574393656716418 0.14606741573033707 0.14039179104477612
5 0.37043539325842695 0.5995802238805971 0.17345505617977527 0.09468283582089553
6 0.7710674157303371 0.6175373134328358 0.17837078651685392 0.07555970149253731
20 0.7728230337078652 0.8407182835820896 0.0976123595505618 0.17490671641791045
22 0.6429073033707865 0.863106343283582 0.13834269662921347 0.1226679104477612
1 0.5105337078651685 0.8773320895522388 0.1952247191011236 0.10914179104477612
19 0.36622191011235955 0.8808302238805971 0.15660112359550563 0.08069029850746269
25 0.7162921348314607 0.2042910447761194 0.27808988764044945 0.08395522388059702
15 0.40941011235955055 0.2140858208955224 0.29213483146067415 0.05970149253731343
29 0.5653089887640449 0.45615671641791045 0.199438202247191 0.06996268656716417
16 0.7528089887640449 0.46338619402985076 0.19382022471910113 0.05643656716417911
17 0.382373595505618 0.46571828358208955 0.22401685393258428 0.042444029850746266