29 0.8128511235955056 0.601679104477612 0.14115168539325842 0.055970149253731345
24 0.4803370786516854 0.613106343283582 0.13202247191011235 0.05457089552238806
9 0.4396067415730337 0.8731343283582089 0.17134831460674158 0.07929104477611941
15 0.7008426966292135 0.8861940298507462 0.26264044943820225 0.09328358208955224
27 0.6207865168539326 0.17723880597014927 0.10814606741573034 0.13712686567164178
5 0.4768258426966292 0.20289179104477612 0.18398876404494383 0.06996268656716417
4 0.7528089887640449 0.21455223880597016 0.15308988764044945 0.04664179104477612
11 0.5610955056179775 0.43680037313432835 0.07162921348314606 0.04337686567164179
7 0.5210674157303371 0.45219216417910446 0.15308988764044945 0.049906716417910446
12 0.8268960674157303 0.4545242537313433 0.11306179775280899 0.045242537313432835
3 0.7110252808988764 0.4591884328358209 0.14817415730337077 0.03591417910447761