13 0.6306179775280899 0.5638992537313433 0.125 0.11007462686567164
8 0.45962078651685395 0.59375 0.19030898876404495 0.08488805970149253
22 0.6046348314606742 0.8666044776119403 0.13623595505617977 0.11847014925373134
21 0.43047752808988765 0.8805970149253731 0.17134831460674158 0.07835820895522388
28 0.8033707865168539 0.8959888059701493 0.17275280898876405 0.09048507462686567
18 0.47155898876404495 0.18936567164179105 0.0625 0.08768656716417911
29 0.6032303370786517 0.21082089552238806 0.16292134831460675 0.06529850746268656
26 0.7798455056179775 0.21175373134328357 0.12991573033707865 0.06529850746268656
6 0.4178370786516854 0.22388059701492538 0.1797752808988764 0.03544776119402985
20 0.4234550561797753 0.3892257462686567 0.08286516853932584 0.13386194029850745
7 0.4195926966292135 0.4496268656716418 0.13834269662921347 0.05037313432835821
16 0.6748595505617978 0.4519589552238806 0.23595505617977527 0.051305970149253734
11 0.5768960674157303 0.457089552238806 0.07935393258426966 0.061567164179104475
19 0.8356741573033708 0.46431902985074625 0.11657303370786516 0.045242537313432835