13 0.40344101123595505 0.5571361940298507 0.15379213483146068 0.13199626865671643
26 0.3577949438202247 0.5988805970149254 0.14676966292134833 0.0914179104477612
8 0.7570224719101124 0.6082089552238806 0.19241573033707865 0.09421641791044776
6 0.5512640449438202 0.6112406716417911 0.22752808988764045 0.07229477611940298
1 0.7833567415730337 0.875 0.17485955056179775 0.12406716417910447
17 0.40519662921348315 0.9050839552238806 0.2050561797752809 0.0853544776119403
11 0.6313202247191011 0.9144123134328358 0.08286516853932584 0.0732276119402985
18 0.6548455056179775 0.1884328358208955 0.07373595505617977 0.1166044776119403
5 0.38764044943820225 0.1993936567164179 0.1952247191011236 0.09468283582089553
7 0.5898876404494382 0.21245335820895522 0.10814606741573034 0.05363805970149254
3 0.7542134831460674 0.22574626865671643 0.13202247191011235 0.026119402985074626
29 0.555126404494382 0.44426305970149255 0.15379213483146068 0.07229477611940298
2 0.37429775280898875 0.4612873134328358 0.199438202247191 0.058768656716417914
28 0.7138342696629213 0.4626865671641791 0.25912921348314605 0.07276119402985075