22 0.4125702247191011 0.5853544776119403 0.1327247191011236 0.10261194029850747
8 0.7682584269662921 0.5928171641791045 0.2050561797752809 0.10727611940298508
2 0.5688202247191011 0.6061100746268657 0.18679775280898878 0.06669776119402986
5 0.5681179775280899 0.8659048507462687 0.18117977528089887 0.12173507462686567
16 0.4058988764044944 0.8810634328358209 0.17275280898876405 0.0960820895522388
7 0.7598314606741573 0.886893656716418 0.0898876404494382 0.08442164179104478
18 0.3746488764044944 0.1935634328358209 0.06952247191011236 0.09701492537313433
12 0.7658005617977528 0.2150186567164179 0.16643258426966293 0.049440298507462684
15 0.4708567415730337 0.2150186567164179 0.2478932584269663 0.05317164179104478
4 0.7773876404494382 0.45755597014925375 0.14887640449438203 0.0625
9 0.6165730337078652 0.46408582089552236 0.1853932584269663 0.051305970149253734