12 0.42064606741573035 0.6000466417910447 0.13904494382022473 0.05830223880597015
7 0.7296348314606742 0.6047108208955224 0.10252808988764045 0.052705223880597014
10 0.5944522471910112 0.6243003731343284 0.12991573033707865 0.04617537313432836
18 0.8297050561797753 0.8887593283582089 0.06952247191011236 0.11707089552238806
9 0.6439606741573034 0.8948227611940298 0.28370786516853935 0.07882462686567164
1 0.39009831460674155 0.9165111940298507 0.20014044943820225 0.09701492537313433
20 0.7896769662921348 0.15485074626865672 0.10182584269662921 0.1828358208955224
11 0.39747191011235955 0.21338619402985073 0.08707865168539326 0.06389925373134328
23 0.5775983146067416 0.2140858208955224 0.17907303370786518 0.05970149253731343
27 0.7257724719101124 0.42117537313432835 0.11306179775280899 0.13992537313432835
21 0.5976123595505618 0.44029850746268656 0.13342696629213482 0.07555970149253731
29 0.43820224719101125 0.44402985074626866 0.1952247191011236 0.08582089552238806