13 0.6278089887640449 0.5659981343283582 0.125 0.10867537313432836
8 0.4199438202247191 0.59375 0.1896067415730337 0.09235074626865672
2 0.7777387640449438 0.6035447761194029 0.14396067415730338 0.061567164179104475
7 0.5965589887640449 0.6086753731343284 0.07373595505617977 0.0625
27 0.39150280898876405 0.8260261194029851 0.10182584269662921 0.13152985074626866
19 0.620435393258427 0.8521455223880597 0.09901685393258428 0.043843283582089554
5 0.5154494382022472 0.8913246268656716 0.16713483146067415 0.10914179104477612
24 0.7749297752808989 0.9183768656716418 0.12991573033707865 0.07182835820895522
20 0.4101123595505618 0.17327425373134328 0.09550561797752809 0.1525186567164179
12 0.8191713483146067 0.2178171641791045 0.12008426966292135 0.0457089552238806
4 0.6583567415730337 0.22061567164179105 0.14115168539325842 0.051305970149253734
0 0.4845505617977528 0.4375 0.2401685393258427 0.05037313432835821
6 0.3830758426966292 0.45802238805970147 0.14396067415730338 0.05783582089552239
16 0.7608848314606742 0.4612873134328358 0.1720505617977528 0.049440298507462684