2 0.3711376404494382 0.4689832089552239 0.20997191011235955 0.04897388059701493
8 0.7570224719101124 0.6035447761194029 0.199438202247191 0.09888059701492537
16 0.37219101123595505 0.6156716417910447 0.19803370786516855 0.06529850746268656
17 0.5656601123595506 0.6219682835820896 0.20014044943820225 0.049906716417910446
27 0.6625702247191011 0.8565764925373134 0.10884831460674158 0.13852611940298507
25 0.7622893258426966 0.8822294776119403 0.1875 0.2019589552238806
26 0.48560393258426965 0.882929104477612 0.13834269662921347 0.10167910447761194
3 0.35463483146067415 0.9011194029850746 0.11657303370786516 0.06996268656716417
15 0.6313202247191011 0.21245335820895522 0.22752808988764045 0.060167910447761194
1 0.42907303370786515 0.21641791044776118 0.16292134831460675 0.06063432835820896
19 0.7798455056179775 0.22411380597014927 0.1172752808988764 0.03871268656716418
18 0.35252808988764045 0.41324626865671643 0.06320224719101124 0.07742537313432836