16 0.40379213483146065 0.605643656716418 0.19101123595505617 0.0648320895522388
9 0.7717696629213483 0.6082089552238806 0.21207865168539325 0.06996268656716417
2 0.6316713483146067 0.8871268656716418 0.21137640449438203 0.10167910447761194
15 0.40344101123595505 0.8931902985074627 0.21137640449438203 0.11473880597014925
10 0.7823033707865169 0.898320895522388 0.12921348314606743 0.08395522388059702
18 0.8160112359550562 0.19053171641791045 0.06882022471910113 0.10307835820895522
26 0.38939606741573035 0.2077891791044776 0.15519662921348315 0.06856343283582089
11 0.7278792134831461 0.21431902985074627 0.08637640449438203 0.05830223880597015
7 0.5719803370786517 0.22061567164179105 0.09901685393258428 0.05037313432835821
8 0.7844101123595506 0.44029850746268656 0.2050561797752809 0.0914179104477612
4 0.5860252808988764 0.44869402985074625 0.17907303370786518 0.05317164179104478
12 0.4199438202247191 0.457089552238806 0.16151685393258428 0.05223880597014925