8 0.7292837078651685 0.5876865671641791 0.21137640449438203 0.09328358208955224
23 0.5495084269662921 0.5991138059701493 0.15098314606741572 0.07602611940298508
7 0.3707865168539326 0.6007462686567164 0.1151685393258427 0.06996268656716417
13 0.589185393258427 0.8423507462686567 0.1699438202247191 0.07462686567164178
0 0.7363061797752809 0.8659048507462687 0.16924157303370788 0.09001865671641791
1 0.545997191011236 0.9104477611940298 0.2169943820224719 0.08022388059701492
20 0.7341994382022472 0.16954291044776118 0.0976123595505618 0.1571828358208955
27 0.3493679775280899 0.17583955223880596 0.10323033707865169 0.12779850746268656
6 0.5014044943820225 0.22271455223880596 0.22191011235955055 0.05363805970149254
28 0.6857443820224719 0.4496268656716418 0.08356741573033707 0.06529850746268656
29 0.5660112359550562 0.45475746268656714 0.2148876404494382 0.06996268656716417
26 0.3616573033707865 0.45592350746268656 0.14325842696629212 0.08162313432835822