27 0.7510533707865169 0.5641324626865671 0.1074438202247191 0.13292910447761194
13 0.3339185393258427 0.582089552238806 0.11867977528089887 0.10727611940298508
17 0.6116573033707865 0.6182369402985075 0.25702247191011235 0.06203358208955224
24 0.44452247191011235 0.6268656716417911 0.12921348314606743 0.04197761194029851
20 0.6471207865168539 0.8176305970149254 0.09901685393258428 0.15391791044776118
18 0.32865168539325845 0.8430503731343284 0.05337078651685393 0.09841417910447761
0 0.6327247191011236 0.9204757462686567 0.17696629213483145 0.09375
23 0.36446629213483145 0.9249067164179104 0.1699438202247191 0.12126865671641791
13 0.33110955056179775 0.1765391791044776 0.16924157303370788 0.14039179104477612
29 0.7324438202247191 0.21338619402985073 0.20646067415730338 0.06763059701492537
27 0.7563202247191011 0.4216417910447761 0.11657303370786516 0.12406716417910447
1 0.40765449438202245 0.44636194029850745 0.1931179775280899 0.06343283582089553
26 0.6183286516853933 0.44822761194029853 0.13974719101123595 0.08022388059701492