3 0.8023174157303371 0.4673507462686567 0.12008426966292135 0.051305970149253734
24 0.37254213483146065 0.4724813432835821 0.15519662921348315 0.055970149253731345
12 0.7405196629213483 0.597714552238806 0.14115168539325842 0.05457089552238806
7 0.5252808988764045 0.5979477611940298 0.13623595505617977 0.06063432835820896
20 0.3771067415730337 0.6040111940298507 0.0898876404494382 0.09514925373134328
28 0.550561797752809 0.875 0.19662921348314608 0.12779850746268656
23 0.37183988764044945 0.894589552238806 0.13412921348314608 0.08582089552238806
2 0.7538623595505618 0.8952891791044776 0.18328651685393257 0.09001865671641791
25 0.4357443820224719 0.19752798507462688 0.2675561797752809 0.09654850746268656
29 0.6973314606741573 0.2236473880597015 0.13764044943820225 0.052705223880597014
27 0.39957865168539325 0.3969216417910448 0.11376404494382023 0.10074626865671642
29 0.49929775280898875 0.46571828358208955 0.07443820224719101 0.0480410447761194