7 0.425561797752809 0.5916511194029851 0.12640449438202248 0.05083955223880597
28 0.7672050561797753 0.5967817164179104 0.18609550561797752 0.09654850746268656
21 0.5976123595505618 0.6005130597014925 0.14325842696629212 0.08069029850746269
4 0.4336376404494382 0.8754664179104478 0.15941011235955055 0.08022388059701492
2 0.6731039325842697 0.8756996268656716 0.26474719101123595 0.10401119402985075
13 0.7984550561797753 0.19099813432835822 0.15870786516853932 0.10307835820895522
23 0.4297752808988764 0.21012126865671643 0.17837078651685392 0.06763059701492537
24 0.6537921348314607 0.23297574626865672 0.18679775280898878 0.032182835820895525
18 0.75 0.41651119402985076 0.05898876404494382 0.0914179104477612
11 0.5870786516853933 0.447294776119403 0.07865168539325842 0.07276119402985075
25 0.7050561797752809 0.4554570895522388 0.2949438202247191 0.06669776119402986
1 0.4234550561797753 0.45732276119402987 0.21629213483146068 0.06203358208955224