10 0.5133426966292135 0.4748134328358209 0.11797752808988764 0.04197761194029851
13 0.7436797752808989 0.5797574626865671 0.12921348314606743 0.11847014925373134
7 0.5575842696629213 0.5970149253731343 0.14606741573033707 0.0625
15 0.37254213483146065 0.6049440298507462 0.14115168539325842 0.12126865671641791
22 0.41116573033707865 0.8386194029850746 0.18047752808988765 0.09514925373134328
5 0.7717696629213483 0.8675373134328358 0.16713483146067415 0.11194029850746269
9 0.6000702247191011 0.8836287313432836 0.16924157303370788 0.09188432835820895
0 0.42907303370786515 0.21828358208955223 0.0898876404494382 0.06063432835820896
12 0.7601825842696629 0.2196828358208955 0.1622191011235955 0.048507462686567165
24 0.5610955056179775 0.22761194029850745 0.1853932584269663 0.03917910447761194
21 0.3813202247191011 0.44169776119402987 0.12921348314606743 0.06529850746268656
4 0.7851123595505618 0.4587220149253731 0.19241573033707865 0.05923507462686567