3 0.4452247191011236 0.4708488805970149 0.1502808988764045 0.04057835820895522
2 0.7696629213483146 0.5984141791044776 0.18117977528089887 0.05317164179104478
10 0.41502808988764045 0.6208022388059702 0.1306179775280899 0.048507462686567165
26 0.7528089887640449 0.8535447761194029 0.12921348314606743 0.09328358208955224
8 0.567064606741573 0.8544776119402985 0.22542134831460675 0.08861940298507463
9 0.38764044943820225 0.8994869402985075 0.14185393258426968 0.09468283582089553
20 0.38342696629213485 0.21455223880597016 0.12921348314606743 0.07462686567164178
23 0.7296348314606742 0.2178171641791045 0.20926966292134833 0.06529850746268656
12 0.5438904494382022 0.22014925373134328 0.14115168539325842 0.04197761194029851
13 0.7521067415730337 0.43050373134328357 0.14606741573033707 0.10914179104477612
11 0.6313202247191011 0.45615671641791045 0.08286516853932584 0.06716417910447761