27 0.5347612359550562 0.570429104477612 0.10463483146067416 0.13059701492537312
5 0.37359550561797755 0.6000466417910447 0.17415730337078653 0.09468283582089553
1 0.6832865168539326 0.6121735074626866 0.18820224719101122 0.07042910447761194
22 0.680126404494382 0.8703358208955224 0.13974719101123595 0.125
21 0.5340589887640449 0.8717350746268657 0.11587078651685394 0.10541044776119403
0 0.7966994382022472 0.8801305970149254 0.11587078651685394 0.11194029850746269
19 0.36411516853932585 0.8805970149253731 0.1425561797752809 0.07835820895522388
25 0.7275280898876404 0.20662313432835822 0.25280898876404495 0.07929104477611941
15 0.5361657303370787 0.21222014925373134 0.20014044943820225 0.06436567164179105
11 0.3848314606741573 0.21688432835820895 0.07865168539325842 0.051305970149253734
29 0.38588483146067415 0.45009328358208955 0.1523876404494382 0.055970149253731345
23 0.6534410112359551 0.4519589552238806 0.26615168539325845 0.06809701492537314