27 0.7412219101123596 0.5652985074626866 0.11025280898876405 0.13432835820895522
13 0.32514044943820225 0.5825559701492538 0.12359550561797752 0.11473880597014925
1 0.6288623595505618 0.6084421641791045 0.1973314606741573 0.08348880597014925
24 0.44276685393258425 0.6270988805970149 0.13412921348314608 0.045242537313432835
20 0.6464185393258427 0.8176305970149254 0.09058988764044944 0.15858208955223882
18 0.3304073033707865 0.8444496268656716 0.05266853932584269 0.10121268656716417
22 0.45014044943820225 0.851679104477612 0.1896067415730337 0.09048507462686567
19 0.7373595505617978 0.9090485074626866 0.1544943820224719 0.08768656716417911
23 0.36446629213483145 0.9237406716417911 0.175561797752809 0.12080223880597014
13 0.33672752808988765 0.1767723880597015 0.16081460674157302 0.14272388059701493
26 0.6892556179775281 0.20848880597014927 0.16643258426966293 0.07742537313432836
27 0.7598314606741573 0.421875 0.11797752808988764 0.12826492537313433
11 0.32724719101123595 0.4615205223880597 0.0800561797752809 0.06296641791044776
15 0.5249297752808989 0.46455223880597013 0.24508426966292135 0.05690298507462686