21 0.7542134831460674 0.5902518656716418 0.1446629213483146 0.07229477611940298
7 0.5923455056179775 0.5930503731343284 0.13553370786516855 0.06110074626865672
24 0.4160814606741573 0.609375 0.15379213483146068 0.049906716417910446
23 0.4143258426966292 0.8472481343283582 0.19382022471910113 0.10587686567164178
5 0.7777387640449438 0.8605410447761194 0.16362359550561797 0.10727611940298508
9 0.5821629213483146 0.9001865671641791 0.20926966292134833 0.058768656716417914
12 0.7313904494382022 0.21711753731343283 0.13974719101123595 0.049906716417910446
0 0.4919241573033708 0.21898320895522388 0.13834269662921347 0.05550373134328358
10 0.37394662921348315 0.23717350746268656 0.1327247191011236 0.021921641791044777
13 0.6099016853932584 0.4244402985074627 0.1271067415730337 0.10727611940298508
15 0.3577949438202247 0.4372667910447761 0.14676966292134833 0.11054104477611941
4 0.7816011235955056 0.46175373134328357 0.18117977528089887 0.061567164179104475