13 0.48139044943820225 0.5618003731343284 0.136938202247191 0.11333955223880597
3 0.36411516853932585 0.617070895522388 0.13132022471910113 0.05690298507462686
6 0.7700140449438202 0.621035447761194 0.18328651685393257 0.0732276119402985
24 0.577247191011236 0.6224347014925373 0.13904494382022473 0.0480410447761194
19 0.3634129213483146 0.8810634328358209 0.14676966292134833 0.08022388059701492
2 0.7517556179775281 0.8854944029850746 0.20014044943820225 0.09654850746268656
1 0.5814606741573034 0.9055503731343284 0.20786516853932585 0.08722014925373134
13 0.8089887640449438 0.19193097014925373 0.12219101123595505 0.10027985074626866
15 0.41292134831460675 0.22084888059701493 0.2640449438202247 0.052705223880597014
20 0.5986657303370787 0.3929570895522388 0.10182584269662921 0.14692164179104478
25 0.4332865168539326 0.44239738805970147 0.2542134831460674 0.08722014925373134
29 0.5688202247191011 0.4612873134328358 0.19241573033707865 0.06623134328358209
16 0.7524578651685393 0.46222014925373134 0.19452247191011235 0.05783582089552239