10 0.8114466292134831 0.47154850746268656 0.1271067415730337 0.03264925373134328
1 0.6281601123595506 0.585820895522388 0.10323033707865169 0.08768656716417911
12 0.4606741573033708 0.5986473880597015 0.09831460674157304 0.060167910447761194
0 0.8089887640449438 0.6051772388059702 0.17134831460674158 0.08908582089552239
20 0.47155898876404495 0.8355876865671642 0.10042134831460674 0.1609141791044776
23 0.7938904494382022 0.8941231343283582 0.1425561797752809 0.10820895522388059
15 0.613061797752809 0.9011194029850746 0.22191011235955055 0.1044776119402985
18 0.8367275280898876 0.19076492537313433 0.07373595505617977 0.10727611940298508
29 0.6889044943820225 0.20965485074626866 0.15589887640449437 0.06856343283582089
26 0.4080056179775281 0.2115205223880597 0.14747191011235955 0.05923507462686567
4 0.5361657303370787 0.21641791044776118 0.136938202247191 0.05037313432835821
27 0.6787219101123596 0.41324626865671643 0.10884831460674158 0.13805970149253732
25 0.46418539325842695 0.44612873134328357 0.26264044943820225 0.07136194029850747