8 0.7587780898876404 0.5921175373134329 0.20014044943820225 0.10867537313432836
2 0.5273876404494382 0.6140391791044776 0.28370786516853935 0.057369402985074626
10 0.35603932584269665 0.6243003731343284 0.11938202247191011 0.05643656716417911
5 0.5642556179775281 0.8656716417910447 0.19171348314606743 0.12033582089552239
9 0.7415730337078652 0.8731343283582089 0.21348314606741572 0.09981343283582089
16 0.4058988764044944 0.8796641791044776 0.1797752808988764 0.09794776119402986
18 0.37183988764044945 0.1935634328358209 0.0625 0.09235074626865672
22 0.7370084269662921 0.19962686567164178 0.1931179775280899 0.09048507462686567
7 0.5077247191011236 0.21595149253731344 0.09410112359550561 0.051305970149253734
12 0.7658005617977528 0.21688432835820895 0.1622191011235955 0.049440298507462684
25 0.37008426966292135 0.4239738805970149 0.19241573033707865 0.15111940298507462
15 0.7686095505617978 0.45265858208955223 0.2324438202247191 0.06669776119402986