2 0.3728932584269663 0.4675839552238806 0.20084269662921347 0.052705223880597014
8 0.7514044943820225 0.6030783582089553 0.21348314606741572 0.09328358208955224
16 0.37043539325842695 0.6184701492537313 0.19592696629213482 0.06809701492537314
17 0.5667134831460674 0.6236007462686567 0.23735955056179775 0.04197761194029851
27 0.6583567415730337 0.8600746268656716 0.0976123595505618 0.13805970149253732
25 0.7707162921348315 0.8817630597014925 0.18890449438202248 0.20289179104477612
15 0.6580056179775281 0.20522388059701493 0.2893258426966292 0.08115671641791045
1 0.4339887640449438 0.2138526119402985 0.18398876404494383 0.05550373134328358
19 0.7679073033707865 0.2236473880597015 0.14536516853932585 0.04337686567164179
18 0.3570926966292135 0.41161380597014924 0.06390449438202248 0.08348880597014925
26 0.5849719101123596 0.4375 0.14325842696629212 0.08861940298507463
0 0.7212078651685393 0.4528917910447761 0.14887640449438203 0.06996268656716417