24 0.37570224719101125 0.4689832089552239 0.15589887640449437 0.04897388059701493
22 0.37043539325842695 0.5827891791044776 0.1425561797752809 0.10867537313432836
14 0.7429775280898876 0.6147388059701493 0.10533707865168539 0.06343283582089553
16 0.5456460674157303 0.6208022388059702 0.17415730337078653 0.07649253731343283
21 0.569873595505618 0.8528451492537313 0.1818820224719101 0.0853544776119403
13 0.5797050561797753 0.8796641791044776 0.1327247191011236 0.16791044776119404
11 0.7078651685393258 0.8969216417910447 0.0800561797752809 0.08115671641791045
7 0.38974719101123595 0.9074160447761194 0.14325842696629212 0.06763059701492537
27 0.37359550561797755 0.1756063432835821 0.125 0.13386194029850745
26 0.7622893258426966 0.20708955223880596 0.14676966292134833 0.06996268656716417
1 0.586376404494382 0.21571828358208955 0.20084269662921347 0.05457089552238806
20 0.5730337078651685 0.4041511194029851 0.10393258426966293 0.17957089552238806
3 0.7622893258426966 0.46385261194029853 0.13412921348314608 0.05457089552238806