27 0.7419241573033708 0.5669309701492538 0.11306179775280899 0.13199626865671643
13 0.32514044943820225 0.5825559701492538 0.12359550561797752 0.11473880597014925
1 0.629564606741573 0.6077425373134329 0.20154494382022473 0.0830223880597015
24 0.44276685393258425 0.6270988805970149 0.13412921348314608 0.045242537313432835
18 0.32935393258426965 0.8428171641791045 0.05337078651685393 0.09794776119402986
22 0.44803370786516855 0.8505130597014925 0.18820224719101122 0.08908582089552239
11 0.6945224719101124 0.8598414179104478 0.0702247191011236 0.06669776119402986
3 0.5677668539325843 0.9046175373134329 0.1425561797752809 0.08162313432835822
19 0.7370084269662921 0.9090485074626866 0.15660112359550563 0.08768656716417911
17 0.386938202247191 0.9368003731343284 0.23314606741573032 0.09188432835820895
13 0.33672752808988765 0.1767723880597015 0.16081460674157302 0.14272388059701493
23 0.7110252808988764 0.21805037313432835 0.1678370786516854 0.05830223880597015
20 0.3356741573033708 0.40951492537313433 0.10112359550561797 0.17257462686567165
27 0.730688202247191 0.421875 0.11587078651685394 0.12733208955223882
15 0.5249297752808989 0.46455223880597013 0.24508426966292135 0.05690298507462686