17 0.32724719101123595 0.5830223880597015 0.09691011235955056 0.15858208955223882
1 0.4297752808988764 0.5851212686567164 0.16151685393258428 0.06576492537313433
21 0.7780898876404494 0.5963152985074627 0.16432584269662923 0.09188432835820895
25 0.5849719101123596 0.6012126865671642 0.2696629213483146 0.10541044776119403
0 0.5168539325842697 0.8773320895522388 0.1699438202247191 0.0914179104477612
24 0.35990168539325845 0.8973880597014925 0.11446629213483146 0.06996268656716417
22 0.8009129213483146 0.19752798507462688 0.14115168539325842 0.08722014925373134
3 0.3539325842696629 0.2175839552238806 0.13623595505617977 0.049906716417910446
6 0.65625 0.22201492537313433 0.17907303370786518 0.04291044776119403
8 0.4199438202247191 0.4507929104477612 0.2710674157303371 0.0853544776119403
7 0.6892556179775281 0.45755597014925375 0.10323033707865169 0.05503731343283582