6 0.7478932584269663 0.4664179104477612 0.26264044943820225 0.055970149253731345
1 0.43223314606741575 0.5932835820895522 0.16081460674157302 0.10541044776119403
8 0.7538623595505618 0.6030783582089553 0.20435393258426968 0.09328358208955224
29 0.5617977528089888 0.6068097014925373 0.15730337078651685 0.08955223880597014
22 0.7468398876404494 0.8617070895522388 0.14396067415730338 0.09468283582089553
23 0.48735955056179775 0.8698694029850746 0.14887640449438203 0.07462686567164178
11 0.5912921348314607 0.8796641791044776 0.08286516853932584 0.055970149253731345
5 0.3648174157303371 0.9011194029850746 0.16081460674157302 0.12406716417910447
16 0.6292134831460674 0.9363339552238806 0.24719101123595505 0.06669776119402986
25 0.3690308988764045 0.18726679104477612 0.25912921348314605 0.11054104477611941
14 0.6896067415730337 0.21711753731343283 0.10814606741573034 0.05083955223880597
19 0.7952949438202247 0.22294776119402984 0.1271067415730337 0.036380597014925374
24 0.5705758426966292 0.2271455223880597 0.12289325842696629 0.03544776119402985
27 0.5547752808988764 0.4137126865671642 0.125 0.1287313432835821
18 0.35849719101123595 0.41767723880597013 0.0625 0.08908582089552239
7 0.39185393258426965 0.454990671641791 0.12219101123595505 0.05830223880597015