12 0.6685393258426966 0.5986473880597015 0.125 0.049906716417910446
29 0.8132022471910112 0.6077425373134329 0.1502808988764045 0.07182835820895522
24 0.47717696629213485 0.6110074626865671 0.13412921348314608 0.0625
9 0.43258426966292135 0.871268656716418 0.15589887640449437 0.07929104477611941
25 0.6337780898876404 0.8775652985074627 0.25912921348314605 0.11986940298507463
21 0.4789325842696629 0.208955223880597 0.13904494382022473 0.05783582089552239
11 0.6053370786516854 0.2091884328358209 0.09691011235955056 0.06389925373134328
23 0.7650983146067416 0.2103544776119403 0.20435393258426968 0.05783582089552239
27 0.4216994382022472 0.417910447761194 0.1271067415730337 0.13712686567164178
7 0.6418539325842697 0.4470615671641791 0.1348314606741573 0.0480410447761194
3 0.8128511235955056 0.4624533582089552 0.1271067415730337 0.03591417910447761