24 0.3402387640449438 0.46921641791044777 0.13132022471910113 0.04291044776119403
27 0.7412219101123596 0.566464552238806 0.11025280898876405 0.1310634328358209
21 0.4550561797752809 0.5867537313432836 0.13623595505617977 0.07929104477611941
13 0.33462078651685395 0.5874533582089553 0.13132022471910113 0.11240671641791045
29 0.6070926966292135 0.6098414179104478 0.1678370786516854 0.09468283582089553
5 0.6864466292134831 0.8304570895522388 0.15098314606741572 0.10121268656716417
2 0.38939606741573035 0.8889925373134329 0.20575842696629212 0.09794776119402986
25 0.5435393258426966 0.8915578358208955 0.27808988764044945 0.14319029850746268
6 0.7601825842696629 0.8987873134328358 0.2127808988764045 0.11380597014925373
27 0.5902387640449438 0.18353544776119404 0.11587078651685394 0.11986940298507463
26 0.3714887640449438 0.20545708955223882 0.17696629213483145 0.08162313432835822
8 0.7517556179775281 0.20615671641791045 0.20997191011235955 0.09328358208955224
11 0.39782303370786515 0.449160447761194 0.07373595505617977 0.06063432835820896
28 0.5172050561797753 0.45219216417910446 0.22401685393258428 0.07042910447761194
23 0.7327949438202247 0.4528917910447761 0.1622191011235955 0.061567164179104475