3 0.35674157303370785 0.46805037313432835 0.12219101123595505 0.049906716417910446
17 0.7507022471910112 0.4685167910447761 0.2556179775280899 0.045242537313432835
21 0.3609550561797753 0.5984141791044776 0.1446629213483146 0.09421641791044776
7 0.5375702247191011 0.5993470149253731 0.13974719101123595 0.055970149253731345
8 0.7503511235955056 0.6040111940298507 0.1973314606741573 0.08861940298507463
0 0.579002808988764 0.855410447761194 0.08216292134831461 0.061567164179104475
0 0.7169943820224719 0.8689365671641791 0.12359550561797752 0.08675373134328358
19 0.34304775280898875 0.8777985074626866 0.07654494382022473 0.04011194029850746
19 0.5087780898876404 0.882695895522388 0.13412921348314608 0.08162313432835822
27 0.7752808988764045 0.17957089552238806 0.11797752808988764 0.1259328358208955
26 0.4413623595505618 0.2080223880597015 0.15098314606741572 0.07462686567164178
29 0.6193820224719101 0.21315298507462688 0.16432584269662923 0.06996268656716417
15 0.46980337078651685 0.4451958955223881 0.3103932584269663 0.06669776119402986