15 0.40870786516853935 0.6035447761194029 0.2247191011235955 0.06996268656716417
9 0.773876404494382 0.6072761194029851 0.21207865168539325 0.06623134328358209
24 0.5972612359550562 0.6217350746268657 0.1523876404494382 0.048507462686567165
1 0.4473314606741573 0.8729011194029851 0.19662921348314608 0.09654850746268656
2 0.5800561797752809 0.898320895522388 0.26685393258426965 0.08955223880597014
10 0.7882724719101124 0.8999533582089553 0.14676966292134833 0.0853544776119403
26 0.37816011235955055 0.20942164179104478 0.13412921348314608 0.06436567164179105
23 0.6309691011235955 0.21082089552238806 0.2029494382022472 0.06716417910447761
12 0.7988061797752809 0.2150186567164179 0.11306179775280899 0.04664179104477612
8 0.43820224719101125 0.44193097014925375 0.2752808988764045 0.0853544776119403
6 0.8072331460674157 0.4556902985074627 0.15941011235955055 0.06063432835820896
4 0.6513342696629213 0.4608208955223881 0.14957865168539325 0.05317164179104478