10 0.6499297752808989 0.4701492537313433 0.11306179775280899 0.03544776119402985
26 0.5481039325842697 0.5797574626865671 0.14957865168539325 0.0625
23 0.5158005617977528 0.6105410447761194 0.20856741573033707 0.06996268656716417
9 0.7240168539325843 0.6147388059701493 0.2205056179775281 0.04664179104477612
27 0.5951544943820225 0.8610074626865671 0.12008426966292135 0.13992537313432835
15 0.7584269662921348 0.8617070895522388 0.2205056179775281 0.10960820895522388
24 0.4417134831460674 0.8836287313432836 0.1306179775280899 0.06763059701492537
13 0.785814606741573 0.1958955223880597 0.10955056179775281 0.09701492537313433
5 0.6088483146067416 0.20102611940298507 0.19101123595505617 0.07929104477611941
12 0.46383426966292135 0.21548507462686567 0.11867977528089887 0.04664179104477612
20 0.37429775280898875 0.4398320895522388 0.125 0.07462686567164178
21 0.7759831460674157 0.449160447761194 0.15730337078651685 0.06809701492537314
7 0.5200140449438202 0.4505597014925373 0.08216292134831461 0.04664179104477612