17 0.7485955056179775 0.4675839552238806 0.20786516853932585 0.034981343283582086
22 0.3711376404494382 0.5862873134328358 0.1425561797752809 0.09794776119402986
6 0.7507022471910112 0.6049440298507462 0.2050561797752809 0.09328358208955224
3 0.5435393258426966 0.6280317164179104 0.12078651685393259 0.05457089552238806
23 0.7672050561797753 0.8805970149253731 0.17907303370786518 0.09794776119402986
19 0.5052668539325843 0.8840951492537313 0.14396067415730338 0.08628731343283583
28 0.6365870786516854 0.8847947761194029 0.14817415730337077 0.11194029850746269
6 0.37745786516853935 0.8864272388059702 0.17485955056179775 0.12360074626865672
27 0.7728230337078652 0.18097014925373134 0.10323033707865169 0.13432835820895522
26 0.44417134831460675 0.20499067164179105 0.16081460674157302 0.07136194029850747
29 0.6197331460674157 0.2150186567164179 0.1678370786516854 0.05690298507462686
15 0.47366573033707865 0.4430970149253731 0.3068820224719101 0.09794776119402986