21 0.3946629213483146 0.5930503731343284 0.125 0.0732276119402985
7 0.5779494382022472 0.5953824626865671 0.13764044943820225 0.052705223880597014
4 0.5965589887640449 0.8768656716417911 0.13412921348314608 0.08115671641791045
1 0.757373595505618 0.882929104477612 0.136938202247191 0.09981343283582089
2 0.41151685393258425 0.8838619402985075 0.13904494382022473 0.07649253731343283
25 0.3577949438202247 0.16138059701492538 0.13412921348314608 0.15578358208955223
23 0.49473314606741575 0.21222014925373134 0.1271067415730337 0.06996268656716417
11 0.7998595505617978 0.21618470149253732 0.08567415730337079 0.052705223880597014
29 0.660814606741573 0.2175839552238806 0.16432584269662923 0.05923507462686567
18 0.7974016853932584 0.4314365671641791 0.06671348314606741 0.12313432835820895
12 0.6408005617977528 0.45009328358208955 0.1622191011235955 0.048507462686567165