11 0.7429775280898876 0.5750932835820896 0.0800561797752809 0.0625
13 0.41292134831460675 0.5806902985074627 0.10814606741573034 0.1166044776119403
8 0.5832162921348315 0.5883861940298507 0.18328651685393257 0.08255597014925373
27 0.3890449438202247 0.831856343283582 0.10393258426966293 0.14319029850746268
2 0.7366573033707865 0.8512126865671642 0.14325842696629212 0.08582089552238806
16 0.5575842696629213 0.8815298507462687 0.19241573033707865 0.09328358208955224
20 0.40379213483146065 0.17000932835820895 0.12359550561797752 0.1571828358208955
4 0.5175561797752809 0.21898320895522388 0.1348314606741573 0.052705223880597014
6 0.6794241573033708 0.23694029850746268 0.19592696629213482 0.02332089552238806
0 0.40765449438202245 0.42607276119402987 0.11165730337078651 0.024720149253731342
0 0.6000702247191011 0.4528917910447761 0.13974719101123595 0.07276119402985075
12 0.4220505617977528 0.45382462686567165 0.11797752808988764 0.04664179104477612