21 0.7675561797752809 0.5874533582089553 0.15730337078651685 0.05923507462686567
7 0.601123595505618 0.5923507462686567 0.14185393258426968 0.055970149253731345
24 0.4174859550561798 0.6070429104477612 0.15519662921348315 0.045242537313432835
22 0.6137640449438202 0.8486473880597015 0.17415730337078653 0.09654850746268656
9 0.41292134831460675 0.8759328358208955 0.16432584269662923 0.08861940298507463
5 0.7731741573033708 0.8761660447761194 0.16432584269662923 0.11054104477611941
12 0.6358848314606742 0.224580223880597 0.13412921348314608 0.05457089552238806
4 0.40695224719101125 0.2248134328358209 0.17626404494382023 0.06063432835820896
10 0.8212780898876404 0.23717350746268656 0.21839887640449437 0.02658582089552239
13 0.6172752808988764 0.423740671641791 0.125 0.10121268656716417
15 0.3553370786516854 0.4430970149253731 0.10112359550561797 0.09981343283582089
1 0.7552668539325843 0.4554570895522388 0.14817415730337077 0.06856343283582089