27 0.7419241573033708 0.566464552238806 0.11446629213483146 0.13386194029850745
13 0.32935393258426965 0.5816231343283582 0.12359550561797752 0.1287313432835821
1 0.6292134831460674 0.6086753731343284 0.19803370786516855 0.08488805970149253
24 0.45014044943820225 0.6236007462686567 0.13202247191011235 0.04477611940298507
20 0.6478230337078652 0.8150652985074627 0.0976123595505618 0.1609141791044776
18 0.3304073033707865 0.8432835820895522 0.051264044943820225 0.09981343283582089
22 0.45014044943820225 0.8507462686567164 0.1896067415730337 0.08861940298507463
23 0.3669241573033708 0.917910447761194 0.16081460674157302 0.1166044776119403
0 0.625 0.9223414179104478 0.16853932584269662 0.08442164179104478
13 0.33286516853932585 0.17537313432835822 0.16292134831460675 0.13992537313432835
26 0.6903089887640449 0.208955223880597 0.17134831460674158 0.06996268656716417
27 0.757373595505618 0.42094216417910446 0.1172752808988764 0.12453358208955224
25 0.5533707865168539 0.45359141791044777 0.3047752808988764 0.08162313432835822
11 0.32549157303370785 0.4615205223880597 0.08075842696629214 0.06389925373134328