27 0.7401685393258427 0.5650652985074627 0.10955056179775281 0.13292910447761194
13 0.34129213483146065 0.582089552238806 0.10955056179775281 0.1259328358208955
22 0.45786516853932585 0.6012126865671642 0.1502808988764045 0.10167910447761194
29 0.6091994382022472 0.6117070895522388 0.15379213483146068 0.0853544776119403
11 0.7514044943820225 0.6180037313432836 0.0800561797752809 0.06623134328358209
5 0.6850421348314607 0.8306902985074627 0.1523876404494382 0.10167910447761194
18 0.3360252808988764 0.8435167910447762 0.05688202247191011 0.09934701492537314
1 0.5554775280898876 0.878731343283582 0.17696629213483145 0.0960820895522388
17 0.38728932584269665 0.9388992537313433 0.23103932584269662 0.09328358208955224
20 0.5182584269662921 0.1634794776119403 0.10674157303370786 0.18796641791044777
27 0.37429775280898875 0.17980410447761194 0.12359550561797752 0.12826492537313433
3 0.7356039325842697 0.22271455223880596 0.1523876404494382 0.04057835820895522
28 0.511938202247191 0.4507929104477612 0.20646067415730338 0.08348880597014925
23 0.7296348314606742 0.45265858208955223 0.1699438202247191 0.06669776119402986
14 0.35428370786516855 0.4587220149253731 0.09199438202247191 0.05457089552238806