8 0.7303370786516854 0.585820895522388 0.2205056179775281 0.08768656716417911
5 0.38764044943820225 0.5907182835820896 0.16713483146067415 0.09188432835820895
23 0.5361657303370787 0.6021455223880597 0.1580056179775281 0.07929104477611941
20 0.5955056179775281 0.824393656716418 0.10814606741573034 0.1609141791044776
13 0.3904494382022472 0.8614738805970149 0.15168539325842698 0.14738805970149255
0 0.7356039325842697 0.8654384328358209 0.17626404494382023 0.09654850746268656
27 0.34831460674157305 0.1767723880597015 0.0997191011235955 0.13432835820895522
6 0.5063202247191011 0.22061567164179105 0.22893258426966293 0.051305970149253734
28 0.692064606741573 0.4517257462686567 0.07654494382022473 0.049906716417910446
7 0.37429775280898875 0.4519589552238806 0.09410112359550561 0.061567164179104475
28 0.7949438202247191 0.4556902985074627 0.1306179775280899 0.08022388059701492
17 0.5667134831460674 0.46571828358208955 0.24578651685393257 0.03871268656716418