1 0.42064606741573035 0.5855876865671642 0.13764044943820225 0.09934701492537314
8 0.7531601123595506 0.6028451492537313 0.2029494382022472 0.09095149253731344
29 0.5600421348314607 0.6044776119402985 0.1580056179775281 0.08488805970149253
11 0.34480337078651685 0.6191697761194029 0.08848314606741572 0.06669776119402986
22 0.7471910112359551 0.8610074626865671 0.13202247191011235 0.11194029850746269
23 0.4241573033707865 0.8614738805970149 0.23314606741573032 0.06343283582089553
26 0.37043539325842695 0.9223414179104478 0.1818820224719101 0.10401119402985075
17 0.5877808988764045 0.9503264925373134 0.19101123595505617 0.09468283582089553
7 0.5424859550561798 0.2103544776119403 0.08075842696629214 0.05503731343283582
14 0.6969803370786517 0.21198694029850745 0.10463483146067416 0.0480410447761194
19 0.7893258426966292 0.22178171641791045 0.13202247191011235 0.03404850746268657
24 0.36832865168539325 0.22901119402985073 0.13974719101123595 0.03544776119402985
18 0.7468398876404494 0.41487873134328357 0.06671348314606741 0.08722014925373134
27 0.5540730337078652 0.41861007462686567 0.1151685393258427 0.13199626865671643
15 0.7675561797752809 0.44612873134328357 0.21348314606741572 0.09001865671641791
5 0.41678370786516855 0.44986007462686567 0.1818820224719101 0.09468283582089553
28 0.6088483146067416 0.46431902985074625 0.07724719101123595 0.052705223880597014