0 0.43609550561797755 0.5942164179104478 0.0898876404494382 0.061567164179104475
12 0.5986657303370787 0.5993470149253731 0.11165730337078651 0.051305970149253734
4 0.7984550561797753 0.5995802238805971 0.15168539325842698 0.06669776119402986
21 0.7134831460674157 0.8435167910447762 0.15168539325842698 0.08815298507462686
23 0.47120786516853935 0.8572761194029851 0.13202247191011235 0.07462686567164178
13 0.827247191011236 0.18703358208955223 0.09831460674157304 0.10354477611940298
18 0.670997191011236 0.1921641791044776 0.059691011235955056 0.0914179104477612
29 0.4782303370786517 0.2042910447761194 0.15308988764044945 0.06902985074626866
28 0.5905898876404494 0.20522388059701493 0.10533707865168539 0.06716417910447761
27 0.4336376404494382 0.4085820895522388 0.11306179775280899 0.12313432835820895
11 0.4575140449438202 0.4566231343283582 0.07935393258426966 0.06436567164179105