3 0.38939606741573035 0.472714552238806 0.1271067415730337 0.049906716417910446
9 0.6165730337078652 0.6009794776119403 0.16432584269662923 0.03591417910447761
24 0.7833567415730337 0.617070895522388 0.1327247191011236 0.049440298507462684
18 0.5926966292134831 0.8278917910447762 0.047752808988764044 0.09794776119402986
15 0.43609550561797755 0.8696361940298507 0.2050561797752809 0.11054104477611941
28 0.7745786516853933 0.8805970149253731 0.199438202247191 0.1259328358208955
23 0.5726825842696629 0.21058768656716417 0.17626404494382023 0.0732276119402985
1 0.7626404494382022 0.21455223880597016 0.1853932584269663 0.0625
12 0.38939606741573035 0.21688432835820895 0.12570224719101122 0.04477611940298507
13 0.550561797752809 0.4298041044776119 0.16292134831460675 0.10401119402985075
4 0.7327949438202247 0.4552238805970149 0.1580056179775281 0.049440298507462684