6 0.6221910112359551 0.47038246268656714 0.10955056179775281 0.04057835820895522
13 0.44592696629213485 0.5690298507462687 0.13623595505617977 0.1333955223880597
27 0.3570926966292135 0.5778917910447762 0.11306179775280899 0.13992537313432835
5 0.5881320224719101 0.5783582089552238 0.17907303370786518 0.09048507462686567
11 0.7201544943820225 0.6058768656716418 0.07935393258426966 0.06436567164179105
20 0.761938202247191 0.8295242537313433 0.10814606741573034 0.16184701492537312
20 0.8082865168539326 0.8505130597014925 0.10252808988764045 0.16651119402985073
1 0.6239466292134831 0.8512126865671642 0.20435393258426968 0.09701492537313433
28 0.3669241573033708 0.8871268656716418 0.16643258426966293 0.11847014925373134
25 0.34304775280898875 0.16394589552238806 0.22823033707865167 0.15811567164179105
27 0.5344101123595506 0.17723880597014927 0.12219101123595505 0.1287313432835821
22 0.6639747191011236 0.197294776119403 0.14817415730337077 0.08675373134328358
14 0.8058286516853933 0.21805037313432835 0.11306179775280899 0.04617537313432836
15 0.7865168539325843 0.42140858208955223 0.16713483146067415 0.1525186567164179
18 0.33883426966292135 0.4354011194029851 0.0625 0.11520522388059702
26 0.5684691011235955 0.4386660447761194 0.11867977528089887 0.07602611940298508
29 0.4396067415730337 0.44799440298507465 0.14325842696629212 0.06576492537313433
6 0.7398174157303371 0.458955223880597 0.13834269662921347 0.06436567164179105