5 0.6348314606741573 0.5461753731343284 0.16432584269662923 0.04477611940298507
26 0.3981741573033708 0.5771921641791045 0.1348314606741573 0.07602611940298508
11 0.7749297752808989 0.5876865671641791 0.08075842696629214 0.058768656716417914
21 0.6432584269662921 0.6019123134328358 0.2050561797752809 0.08069029850746269
24 0.4178370786516854 0.6247667910447762 0.16573033707865167 0.05177238805970149
14 0.8188202247191011 0.6282649253731343 0.10814606741573034 0.058768656716417914
27 0.7728230337078652 0.8194962686567164 0.11025280898876405 0.07649253731343283
23 0.386938202247191 0.8479477611940298 0.1348314606741573 0.08582089552238806
20 0.5979634831460674 0.8801305970149254 0.10603932584269662 0.18470149253731344
20 0.49087078651685395 0.8838619402985075 0.1151685393258427 0.1828358208955224
19 0.3637640449438202 0.9307369402985075 0.14747191011235955 0.08442164179104478
16 0.7777387640449438 0.9309701492537313 0.22542134831460675 0.13712686567164178
25 0.3455056179775281 0.15275186567164178 0.15589887640449437 0.16930970149253732
27 0.785814606741573 0.17490671641791045 0.08567415730337079 0.11940298507462686
18 0.8265449438202247 0.18773320895522388 0.07443820224719101 0.11707089552238806
28 0.6660814606741573 0.1935634328358209 0.2478932584269663 0.09888059701492537
29 0.4824438202247191 0.21478544776119404 0.15589887640449437 0.05177238805970149
13 0.5568820224719101 0.412080223880597 0.12780898876404495 0.11986940298507463
15 0.7914325842696629 0.42140858208955223 0.16292134831460675 0.134794776119403
0 0.3981741573033708 0.43680037313432835 0.17696629213483145 0.05923507462686567
7 0.42134831460674155 0.4552238805970149 0.13904494382022473 0.06063432835820896
6 0.6917134831460674 0.4587220149253731 0.23735955056179775 0.07042910447761194