27 0.48174157303370785 0.5634328358208955 0.09691011235955056 0.1259328358208955
18 0.3785112359550562 0.5876865671641791 0.06741573033707865 0.11473880597014925
24 0.6724016853932584 0.601679104477612 0.1271067415730337 0.04664179104477612
10 0.8117977528089888 0.6217350746268657 0.13904494382022473 0.05317164179104478
26 0.4490870786516854 0.8698694029850746 0.11867977528089887 0.10074626865671642
9 0.7054073033707865 0.8852611940298507 0.2521067415730337 0.07929104477611941
15 0.40098314606741575 0.1886660447761194 0.19241573033707865 0.10121268656716417
28 0.8089887640449438 0.21128731343283583 0.14185393258426968 0.06529850746268656
29 0.6362359550561798 0.21735074626865672 0.14325842696629212 0.0625
5 0.6959269662921348 0.4375 0.14887640449438203 0.07929104477611941
11 0.5540730337078652 0.4468283582089552 0.07303370786516854 0.06063432835820896
7 0.4220505617977528 0.4470615671641791 0.14887640449438203 0.0480410447761194
12 0.7675561797752809 0.4554570895522388 0.17134831460674158 0.049906716417910446