7 0.699438202247191 0.5928171641791045 0.1502808988764045 0.05690298507462686
23 0.4417134831460674 0.6000466417910447 0.19241573033707865 0.0732276119402985
29 0.8212780898876404 0.6140391791044776 0.14957865168539325 0.0648320895522388
9 0.547752808988764 0.8701026119402985 0.13623595505617977 0.08069029850746269
12 0.7622893258426966 0.8745335820895522 0.12148876404494383 0.06436567164179105
5 0.42661516853932585 0.2042910447761194 0.16362359550561797 0.07649253731343283
28 0.7995084269662921 0.208955223880597 0.21980337078651685 0.07276119402985075
15 0.6316713483146067 0.2196828358208955 0.28019662921348315 0.049440298507462684
27 0.769311797752809 0.41324626865671643 0.11867977528089887 0.12126865671641791
21 0.675561797752809 0.4528917910447761 0.16151685393258428 0.06996268656716417
11 0.39150280898876405 0.4556902985074627 0.07654494382022473 0.06436567164179105