21 0.444873595505618 0.5921175373134329 0.21418539325842698 0.09001865671641791
29 0.7349016853932584 0.6040111940298507 0.1622191011235955 0.08395522388059702
20 0.7303370786516854 0.8236940298507462 0.10112359550561797 0.16884328358208955
20 0.6629213483146067 0.8460820895522388 0.09550561797752809 0.16884328358208955
3 0.5308988764044944 0.8745335820895522 0.13904494382022473 0.06716417910447761
13 0.36235955056179775 0.8770988805970149 0.14185393258426968 0.13199626865671643
13 0.5389747191011236 0.17700559701492538 0.15379213483146068 0.13666044776119404
0 0.7640449438202247 0.21082089552238806 0.17837078651685392 0.06996268656716417
24 0.36657303370786515 0.22691231343283583 0.13904494382022473 0.04057835820895522
26 0.6344803370786517 0.44263059701492535 0.1580056179775281 0.06809701492537314
22 0.4747191011235955 0.4454291044776119 0.12921348314606743 0.09514925373134328