3 0.4652387640449438 0.4701492537313433 0.1327247191011236 0.04197761194029851
6 0.6183286516853933 0.47341417910447764 0.11165730337078651 0.03264925373134328
13 0.44276685393258425 0.5461753731343284 0.14396067415730338 0.10074626865671642
5 0.5898876404494382 0.5732276119402985 0.17134831460674158 0.08022388059701492
11 0.7640449438202247 0.590018656716418 0.08848314606741572 0.06436567164179105
8 0.44417134831460675 0.6091417910447762 0.2914325842696629 0.10261194029850747
16 0.714185393258427 0.6196361940298507 0.23735955056179775 0.052705223880597014
20 0.7559691011235955 0.8257929104477612 0.08497191011235955 0.14692164179104478
23 0.4044943820224719 0.8439832089552238 0.14887640449438203 0.06669776119402986
20 0.807935393258427 0.8519123134328358 0.10463483146067416 0.17117537313432835
28 0.5488061797752809 0.8540111940298507 0.13412921348314608 0.07276119402985075
27 0.672752808988764 0.8645055970149254 0.10814606741573034 0.13852611940298507
17 0.3865870786516854 0.9116138059701493 0.1973314606741573 0.08628731343283583
1 0.7749297752808989 0.9207089552238806 0.19873595505617977 0.12406716417910447
2 0.5351123595505618 0.9309701492537313 0.11797752808988764 0.07835820895522388
19 0.36622191011235955 0.9722481343283582 0.05828651685393258 0.034981343283582086
25 0.34691011235955055 0.15321828358208955 0.18398876404494383 0.18516791044776118
27 0.7791432584269663 0.18120335820895522 0.0976123595505618 0.1394589552238806
18 0.8335674157303371 0.1884328358208955 0.06320224719101124 0.1259328358208955
22 0.6660814606741573 0.19402985074626866 0.13553370786516855 0.08582089552238806
29 0.4919241573033708 0.2126865671641791 0.18609550561797752 0.06529850746268656
15 0.785814606741573 0.4230410447761194 0.16573033707865167 0.15298507462686567
26 0.5660112359550562 0.433535447761194 0.11376404494382023 0.07136194029850747
0 0.40554775280898875 0.44193097014925375 0.1678370786516854 0.06669776119402986
6 0.7443820224719101 0.45965485074626866 0.1404494382022472 0.0648320895522388
14 0.33883426966292135 0.462919776119403 0.0976123595505618 0.05550373134328358