7 0.42837078651685395 0.5923507462686567 0.13342696629213482 0.051305970149253734
28 0.7622893258426966 0.5939832089552238 0.16502808988764045 0.09375
21 0.6014747191011236 0.6000466417910447 0.14115168539325842 0.07975746268656717
25 0.7731741573033708 0.8542444029850746 0.18258426966292135 0.17583955223880596
4 0.43293539325842695 0.8752332089552238 0.1580056179775281 0.07882462686567164
2 0.6120084269662921 0.878964552238806 0.18469101123595505 0.10401119402985075
23 0.4747191011235955 0.20988805970149255 0.17696629213483145 0.06529850746268656
11 0.3577949438202247 0.21338619402985073 0.0877808988764045 0.0648320895522388
1 0.7580758426966292 0.21641791044776118 0.14957865168539325 0.058768656716417914
24 0.6376404494382022 0.23180970149253732 0.15730337078651685 0.025186567164179104
18 0.7942415730337079 0.43260261194029853 0.06601123595505617 0.11520522388059702
29 0.6355337078651685 0.4454291044776119 0.20646067415730338 0.08582089552238806