17 0.7401685393258427 0.46875 0.2148876404494382 0.03264925373134328
3 0.35252808988764045 0.4689832089552239 0.11376404494382023 0.04897388059701493
21 0.36657303370786515 0.5984141791044776 0.15589887640449437 0.10261194029850747
7 0.5375702247191011 0.5995802238805971 0.13974719101123595 0.05830223880597015
8 0.7517556179775281 0.6040111940298507 0.2029494382022472 0.09794776119402986
19 0.5091292134831461 0.8845615671641791 0.15870786516853932 0.09001865671641791
6 0.37605337078651685 0.8850279850746269 0.17485955056179775 0.12826492537313433
27 0.7661516853932584 0.1826026119402985 0.11095505617977527 0.13759328358208955
26 0.4357443820224719 0.2042910447761194 0.17485955056179775 0.08395522388059702
29 0.6207865168539326 0.21478544776119404 0.17275280898876405 0.05363805970149254
15 0.45821629213483145 0.443330223880597 0.2970505617977528 0.09654850746268656