10 0.6341292134831461 0.47388059701492535 0.11938202247191011 0.03451492537313433
7 0.5951544943820225 0.5942164179104478 0.10603932584269662 0.07276119402985075
21 0.7661516853932584 0.6002798507462687 0.16292134831460675 0.07462686567164178
20 0.5540730337078652 0.8225279850746269 0.09691011235955056 0.16371268656716417
20 0.6499297752808989 0.8274253731343284 0.11025280898876405 0.16324626865671643
15 0.3728932584269663 0.8626399253731343 0.11657303370786516 0.16184701492537312
22 0.78125 0.9018190298507462 0.19592696629213482 0.10867537313432836
13 0.5765449438202247 0.197294776119403 0.12078651685393259 0.09888059701492537
12 0.7710674157303371 0.22061567164179105 0.1404494382022472 0.05223880597014925
4 0.40730337078651685 0.22574626865671643 0.1502808988764045 0.04477611940298507
1 0.7745786516853933 0.45382462686567165 0.17696629213483145 0.06996268656716417