7 0.5242275280898876 0.5958488805970149 0.13834269662921347 0.060167910447761194
12 0.7363061797752809 0.5986473880597015 0.12851123595505617 0.0648320895522388
20 0.3728932584269663 0.601445895522388 0.10112359550561797 0.09281716417910447
28 0.7419241573033708 0.8798973880597015 0.18890449438202248 0.12173507462686567
0 0.5228230337078652 0.8843283582089553 0.16924157303370788 0.10261194029850747
23 0.3672752808988764 0.8948227611940298 0.1348314606741573 0.08628731343283583
25 0.43820224719101125 0.21222014925373134 0.2542134831460674 0.06902985074626866
29 0.6762640449438202 0.21944962686567165 0.1446629213483146 0.05083955223880597
3 0.7995084269662921 0.22061567164179105 0.16643258426966293 0.04291044776119403
27 0.3946629213483146 0.40928171641791045 0.11376404494382023 0.12080223880597014
16 0.7478932584269663 0.4612873134328358 0.2794943820224719 0.05037313432835821