22 0.36973314606741575 0.5837220149253731 0.14536516853932585 0.10774253731343283
11 0.5379213483146067 0.6007462686567164 0.07443820224719101 0.06436567164179105
15 0.71875 0.6019123134328358 0.24648876404494383 0.10027985074626866
13 0.5842696629213483 0.8446828358208955 0.15589887640449437 0.07929104477611941
0 0.7433286516853933 0.863339552238806 0.17485955056179775 0.09421641791044776
23 0.4006320224719101 0.8763992537313433 0.15379213483146068 0.10541044776119403
1 0.5481039325842697 0.9106809701492538 0.21839887640449437 0.08255597014925373
20 0.7331460674157303 0.16977611940298507 0.08848314606741572 0.15485074626865672
6 0.38974719101123595 0.22154850746268656 0.21067415730337077 0.051305970149253734
3 0.5768960674157303 0.2224813432835821 0.13553370786516855 0.04011194029850746
26 0.36235955056179775 0.45242537313432835 0.13904494382022473 0.07649253731343283
29 0.5681179775280899 0.4528917910447761 0.21207865168539325 0.07369402985074627
19 0.7489466292134831 0.46338619402985076 0.18609550561797752 0.052705223880597014