24 0.4799859550561798 0.613339552238806 0.13553370786516855 0.05503731343283582
29 0.8212780898876404 0.6140391791044776 0.14957865168539325 0.0648320895522388
27 0.757373595505618 0.8381529850746269 0.10884831460674158 0.13526119402985073
25 0.382373595505618 0.8551772388059702 0.1425561797752809 0.22061567164179105
5 0.42661516853932585 0.2042910447761194 0.16362359550561797 0.07649253731343283
28 0.793188202247191 0.20942164179104478 0.15941011235955055 0.06996268656716417
7 0.6172752808988764 0.21735074626865672 0.11797752808988764 0.04477611940298507
27 0.769311797752809 0.41324626865671643 0.11867977528089887 0.12126865671641791
21 0.40730337078651685 0.44402985074626866 0.1446629213483146 0.06716417910447761
11 0.5445926966292135 0.44822761194029853 0.07654494382022473 0.06436567164179105
12 0.6674859550561798 0.4528917910447761 0.10603932584269662 0.0457089552238806