23 0.7851123595505618 0.5944496268656716 0.1446629213483146 0.08162313432835822
28 0.40730337078651685 0.5986473880597015 0.12780898876404495 0.09375
21 0.6070926966292135 0.6044776119402985 0.1622191011235955 0.07835820895522388
8 0.5779494382022472 0.8649720149253731 0.17134831460674158 0.10307835820895522
12 0.41327247191011235 0.8675373134328358 0.1074438202247191 0.07369402985074627
9 0.7679073033707865 0.8708022388059702 0.16081460674157302 0.08115671641791045
29 0.776685393258427 0.21338619402985073 0.16713483146067415 0.06669776119402986
6 0.43644662921348315 0.22224813432835822 0.15941011235955055 0.045242537313432835
13 0.6330758426966292 0.4281716417910448 0.0976123595505618 0.11567164179104478
5 0.514747191011236 0.43283582089552236 0.15730337078651685 0.08582089552238806
4 0.4023876404494382 0.4608208955223881 0.14747191011235955 0.05970149253731343
24 0.7833567415730337 0.46455223880597013 0.1580056179775281 0.033582089552238806