10 0.41678370786516855 0.4771455223880597 0.24087078651685392 0.030783582089552237
28 0.7661516853932584 0.5944496268656716 0.18258426966292135 0.09468283582089553
21 0.5962078651685393 0.5981809701492538 0.1404494382022472 0.07602611940298508
7 0.42485955056179775 0.605643656716418 0.13202247191011235 0.05923507462686567
15 0.773876404494382 0.8558768656716418 0.14887640449438203 0.14832089552238806
26 0.5481039325842697 0.8603078358208955 0.15660112359550563 0.09375
4 0.4080056179775281 0.8705690298507462 0.12780898876404495 0.08442164179104478
13 0.7963483146067416 0.19169776119402984 0.16151685393258428 0.1044776119402985
24 0.6432584269662921 0.2306436567164179 0.17696629213483145 0.02658582089552239
18 0.7478932584269663 0.4195429104477612 0.06179775280898876 0.10027985074626866
23 0.45786516853932585 0.43796641791044777 0.18398876404494383 0.06623134328358209
11 0.5811095505617978 0.44892723880597013 0.07794943820224719 0.07416044776119403
25 0.7011938202247191 0.4528917910447761 0.29985955056179775 0.06529850746268656