8 0.7275280898876404 0.5902518656716418 0.2148876404494382 0.09561567164179105
23 0.5389747191011236 0.6061100746268657 0.1580056179775281 0.07136194029850747
24 0.3960674157303371 0.6105410447761194 0.11657303370786516 0.055970149253731345
20 0.663623595505618 0.8178638059701493 0.09410112359550561 0.16184701492537312
11 0.35674157303370785 0.8691697761194029 0.0702247191011236 0.06856343283582089
27 0.5835674157303371 0.8763992537313433 0.10955056179775281 0.14738805970149255
18 0.37745786516853935 0.8917910447761194 0.05828651685393258 0.10820895522388059
27 0.4080056179775281 0.17817164179104478 0.10674157303370786 0.13059701492537312
7 0.7222612359550562 0.21012126865671643 0.08497191011235955 0.039645522388059705
28 0.6910112359550562 0.4470615671641791 0.06741573033707865 0.045242537313432835
28 0.795997191011236 0.4496268656716418 0.11587078651685394 0.07742537313432836
26 0.3929073033707865 0.45242537313432835 0.14536516853932585 0.07929104477611941
15 0.5856741573033708 0.4605876865671642 0.25140449438202245 0.06296641791044776