27 0.7482443820224719 0.5645988805970149 0.11025280898876405 0.13292910447761194
13 0.3321629213483146 0.5844216417910447 0.15168539325842698 0.12126865671641791
24 0.6032303370786517 0.6152052238805971 0.12780898876404495 0.049440298507462684
20 0.6436095505617978 0.8108675373134329 0.09199438202247191 0.1478544776119403
18 0.32759831460674155 0.8442164179104478 0.05407303370786517 0.10354477611940298
2 0.598314606741573 0.8992537313432836 0.26685393258426965 0.07649253731343283
23 0.35884831460674155 0.9228078358208955 0.17275280898876405 0.12080223880597014
13 0.3297050561797753 0.1767723880597015 0.16081460674157302 0.14925373134328357
5 0.4936797752808989 0.20382462686567165 0.199438202247191 0.07742537313432836
0 0.6165730337078652 0.2126865671641791 0.09831460674157304 0.06809701492537314
29 0.7398174157303371 0.2140858208955224 0.17907303370786518 0.06436567164179105
26 0.38939606741573035 0.44659514925373134 0.13132022471910113 0.07695895522388059
19 0.6966292134831461 0.45638992537313433 0.199438202247191 0.045242537313432835
6 0.5407303370786517 0.45825559701492535 0.20084269662921347 0.06296641791044776