1 0.7433286516853933 0.5911847014925373 0.1622191011235955 0.09095149253731344
25 0.4101123595505618 0.6044776119402985 0.29775280898876405 0.09514925373134328
3 0.6144662921348315 0.6187033582089553 0.14185393258426968 0.0648320895522388
13 0.7064606741573034 0.8302238805970149 0.10393258426966293 0.13432835820895522
27 0.3240870786516854 0.8509794776119403 0.09199438202247191 0.13852611940298507
16 0.4722612359550562 0.8896921641791045 0.16924157303370788 0.10401119402985075
17 0.7033005617977528 0.9239738805970149 0.26615168539325845 0.06623134328358209
5 0.7359550561797753 0.20662313432835822 0.18820224719101122 0.06996268656716417
0 0.34269662921348315 0.21641791044776118 0.18679775280898878 0.06343283582089553
15 0.5610955056179775 0.22434701492537312 0.2556179775280899 0.054104477611940295
20 0.7240168539325843 0.40461753731343286 0.07584269662921349 0.1571828358208955
18 0.6580056179775281 0.4242070895522388 0.06741573033707865 0.10027985074626866
8 0.456811797752809 0.4468283582089552 0.25912921348314605 0.07929104477611941
11 0.6330758426966292 0.462919776119403 0.08356741573033707 0.06669776119402986
19 0.7542134831460674 0.46431902985074625 0.17134831460674158 0.05363805970149254