29 0.4490870786516854 0.6033115671641791 0.14817415730337077 0.06856343283582089
12 0.5951544943820225 0.6037779850746269 0.11306179775280899 0.06389925373134328
26 0.7464887640449438 0.605410447761194 0.14325842696629212 0.06996268656716417
23 0.46980337078651685 0.8591417910447762 0.17134831460674158 0.07929104477611941
25 0.7591292134831461 0.8908582089552238 0.24719101123595505 0.13992537313432835
13 0.8293539325842697 0.18959888059701493 0.09269662921348315 0.10867537313432836
1 0.4410112359550562 0.20848880597014927 0.15870786516853932 0.06529850746268656
7 0.6618679775280899 0.2103544776119403 0.09058988764044944 0.04477611940298507
27 0.43504213483146065 0.404384328358209 0.10463483146067416 0.12126865671641791
21 0.8023174157303371 0.4412313432835821 0.136938202247191 0.0625
11 0.46207865168539325 0.457089552238806 0.0800561797752809 0.06529850746268656