12 0.5723314606741573 0.6035447761194029 0.11376404494382023 0.055970149253731345
9 0.7791432584269663 0.6058768656716418 0.21980337078651685 0.07182835820895522
2 0.4002808988764045 0.613339552238806 0.2050561797752809 0.06809701492537314
16 0.5948033707865169 0.894356343283582 0.26264044943820225 0.07695895522388059
10 0.7808988764044944 0.8980876865671642 0.12921348314606743 0.08069029850746269
18 0.8160112359550562 0.193330223880597 0.07584269662921349 0.10121268656716417
26 0.3883426966292135 0.2080223880597015 0.1544943820224719 0.06809701492537314
11 0.7289325842696629 0.21525186567164178 0.08146067415730338 0.05550373134328358
7 0.5709269662921348 0.2196828358208955 0.09831460674157304 0.04664179104477612
22 0.4396067415730337 0.42840485074626866 0.12921348314606743 0.1021455223880597
8 0.7949438202247191 0.44029850746268656 0.21207865168539325 0.0914179104477612
4 0.5997191011235955 0.454990671641791 0.13764044943820225 0.05457089552238806