26 0.4083567415730337 0.5755597014925373 0.14817415730337077 0.06623134328358209
21 0.7714185393258427 0.5907182835820896 0.15519662921348315 0.07789179104477612
16 0.5758426966292135 0.6021455223880597 0.15730337078651685 0.05690298507462686
5 0.38553370786516855 0.8607742537313433 0.15589887640449437 0.10494402985074627
15 0.7391151685393258 0.8740671641791045 0.2127808988764045 0.11194029850746269
4 0.5667134831460674 0.8843283582089553 0.12780898876404495 0.08022388059701492
25 0.8016151685393258 0.16277985074626866 0.17626404494382023 0.17630597014925373
12 0.6653792134831461 0.21688432835820895 0.11165730337078651 0.04664179104477612
18 0.5301966292134831 0.41674440298507465 0.05898876404494382 0.10587686567164178
22 0.7587780898876404 0.431669776119403 0.17626404494382023 0.09841417910447761
28 0.49894662921348315 0.4456623134328358 0.13132022471910113 0.07229477611940298
28 0.632373595505618 0.44659514925373134 0.12008426966292135 0.0732276119402985