3 0.543188202247191 0.4673507462686567 0.11587078651685394 0.03544776119402985
10 0.6759129213483146 0.47294776119402987 0.12570224719101122 0.03731343283582089
12 0.7629915730337079 0.5909514925373134 0.10884831460674158 0.05317164179104478
7 0.629564606741573 0.601679104477612 0.14676966292134833 0.05503731343283582
2 0.4339887640449438 0.6063432835820896 0.1699438202247191 0.061567164179104475
8 0.4469803370786517 0.8551772388059702 0.21839887640449437 0.09468283582089553
26 0.7612359550561798 0.8659048507462687 0.12359550561797752 0.07416044776119403
23 0.726123595505618 0.21361940298507462 0.20646067415730338 0.06343283582089553
20 0.7636938202247191 0.40135261194029853 0.13553370786516855 0.0648320895522388
13 0.4044943820224719 0.42723880597014924 0.14747191011235955 0.11380597014925373
11 0.6049859550561798 0.44216417910447764 0.06530898876404495 0.05783582089552239
20 0.7714185393258427 0.4542910447761194 0.14115168539325842 0.06902985074626866