8 0.7278792134831461 0.5890858208955224 0.21137640449438203 0.08861940298507463
23 0.5410814606741573 0.601445895522388 0.1580056179775281 0.07136194029850747
24 0.39712078651685395 0.6068097014925373 0.11867977528089887 0.04477611940298507
20 0.660814606741573 0.8173973880597015 0.09550561797752809 0.1609141791044776
11 0.35603932584269665 0.8689365671641791 0.07303370786516854 0.06809701492537314
27 0.5821629213483146 0.8768656716417911 0.11235955056179775 0.14832089552238806
18 0.375 0.8910914179104478 0.05898876404494382 0.10867537313432836
7 0.7222612359550562 0.20988805970149255 0.08497191011235955 0.051305970149253734
28 0.6836376404494382 0.4454291044776119 0.06390449438202248 0.04664179104477612
28 0.7935393258426966 0.45265858208955223 0.11797752808988764 0.07975746268656717
26 0.38728932584269665 0.453125 0.13834269662921347 0.07789179104477612
15 0.579002808988764 0.46222014925373134 0.25912921348314605 0.06436567164179105