3 0.7183988764044944 0.46921641791044777 0.12359550561797752 0.04664179104477612
13 0.4101123595505618 0.5599347014925373 0.15870786516853932 0.1226679104477612
8 0.7556179775280899 0.6040111940298507 0.19241573033707865 0.09328358208955224
6 0.5582865168539326 0.6121735074626866 0.21348314606741572 0.07695895522388059
1 0.7889747191011236 0.8759328358208955 0.1720505617977528 0.1166044776119403
17 0.40765449438202245 0.9046175373134329 0.18609550561797752 0.07136194029850747
11 0.6351825842696629 0.917910447761194 0.08497191011235955 0.07929104477611941
14 0.7159410112359551 0.21431902985074627 0.09058988764044944 0.052705223880597014
7 0.5884831460674157 0.21455223880597016 0.0800561797752809 0.051305970149253734
19 0.793188202247191 0.22271455223880596 0.14817415730337077 0.032182835820895525
25 0.40765449438202245 0.40625 0.25912921348314605 0.16884328358208955
29 0.5656601123595506 0.4458955223880597 0.14115168539325842 0.07369402985074627