6 0.6207865168539326 0.4771455223880597 0.10674157303370786 0.03731343283582089
13 0.44592696629213485 0.5501399253731343 0.1502808988764045 0.11333955223880597
5 0.5909410112359551 0.5771921641791045 0.17626404494382023 0.09188432835820895
11 0.7654494382022472 0.5918843283582089 0.08146067415730338 0.06063432835820896
8 0.43820224719101125 0.6058768656716418 0.2752808988764045 0.09328358208955224
3 0.6910112359550562 0.6145055970149254 0.14325842696629212 0.0480410447761194
20 0.7601825842696629 0.8262593283582089 0.10463483146067416 0.1478544776119403
27 0.6523876404494382 0.847714552238806 0.12219101123595505 0.1478544776119403
20 0.8093398876404494 0.8540111940298507 0.0976123595505618 0.16884328358208955
28 0.35603932584269665 0.8934235074626866 0.175561797752809 0.12639925373134328
23 0.5224719101123596 0.9193097014925373 0.1601123595505618 0.11100746268656717
1 0.7598314606741573 0.9195429104477612 0.17837078651685392 0.11986940298507463
25 0.35042134831460675 0.15648320895522388 0.19101123595505617 0.18889925373134328
27 0.5340589887640449 0.17957089552238806 0.12570224719101122 0.13899253731343283
22 0.6731039325842697 0.19776119402985073 0.12148876404494383 0.08861940298507463
14 0.8016151685393258 0.2175839552238806 0.10463483146067416 0.044309701492537316
15 0.7854634831460674 0.4230410447761194 0.16502808988764045 0.13712686567164178
26 0.5656601123595506 0.43423507462686567 0.11867977528089887 0.07929104477611941
18 0.33918539325842695 0.43680037313432835 0.06320224719101124 0.11893656716417911
29 0.4417134831460674 0.4505597014925373 0.15168539325842698 0.07462686567164178
6 0.7422752808988764 0.4626865671641791 0.13342696629213482 0.06902985074626866