1 0.42521067415730335 0.5881529850746269 0.16502808988764045 0.09794776119402986
8 0.7552668539325843 0.6044776119402985 0.2029494382022472 0.08955223880597014
29 0.5593398876404494 0.6044776119402985 0.15941011235955055 0.08488805970149253
22 0.7461376404494382 0.8603078358208955 0.14676966292134833 0.11333955223880597
23 0.4863061797752809 0.871268656716418 0.14115168539325842 0.07182835820895522
5 0.3693820224719101 0.9004197761194029 0.16573033707865167 0.11333955223880597
25 0.3714887640449438 0.18563432835820895 0.2542134831460674 0.12126865671641791
14 0.6983848314606742 0.21665111940298507 0.0976123595505618 0.057369402985074626
19 0.7914325842696629 0.22271455223880596 0.13202247191011235 0.04151119402985075
24 0.5660112359550562 0.22877798507462688 0.12780898876404495 0.03871268656716418
27 0.5544241573033708 0.41721082089552236 0.11867977528089887 0.13199626865671643
18 0.3549859550561798 0.42467350746268656 0.0625 0.10401119402985075
0 0.7134831460674157 0.451259328358209 0.175561797752809 0.06949626865671642
7 0.3946629213483146 0.4552238805970149 0.12078651685393259 0.05690298507462686