2 0.773876404494382 0.46711753731343286 0.21348314606741572 0.05363805970149254
22 0.37008426966292135 0.5853544776119403 0.15589887640449437 0.10634328358208955
25 0.5351123595505618 0.6063432835820896 0.3089887640449438 0.09794776119402986
14 0.7401685393258427 0.6145055970149254 0.10112359550561797 0.060167910447761194
21 0.5705758426966292 0.8572761194029851 0.17485955056179775 0.09794776119402986
13 0.5797050561797753 0.8754664179104478 0.1327247191011236 0.14738805970149255
11 0.7106741573033708 0.8971548507462687 0.07584269662921349 0.07229477611940298
15 0.37183988764044945 0.9183768656716418 0.19873595505617977 0.125
27 0.37254213483146065 0.1791044776119403 0.11025280898876405 0.12779850746268656
26 0.7682584269662921 0.20872201492537312 0.1446629213483146 0.06763059701492537
1 0.5839185393258427 0.21571828358208955 0.1875 0.057369402985074626
29 0.5625 0.4435634328358209 0.16573033707865167 0.07555970149253731
16 0.4020365168539326 0.46361940298507465 0.19452247191011235 0.06063432835820896