13 0.4455758426966292 0.5671641791044776 0.14536516853932585 0.13152985074626866
5 0.5870786516853933 0.5783582089552238 0.16713483146067415 0.09328358208955224
11 0.7226123595505618 0.6084421641791045 0.08707865168539326 0.0732276119402985
20 0.7601825842696629 0.8327891791044776 0.11165730337078651 0.16557835820895522
20 0.8033707865168539 0.8575093283582089 0.10112359550561797 0.17210820895522388
28 0.37008426966292135 0.8819962686567164 0.175561797752809 0.12313432835820895
23 0.6242977528089888 0.8836287313432836 0.20786516853932585 0.10121268656716417
25 0.3549859550561798 0.15578358208955223 0.16081460674157302 0.166044776119403
27 0.5403792134831461 0.17490671641791045 0.13412921348314608 0.13246268656716417
22 0.6815308988764045 0.19869402985074627 0.14115168539325842 0.09701492537313433
14 0.8114466292134831 0.22154850746268656 0.09199438202247191 0.051305970149253734
15 0.7879213483146067 0.42467350746268656 0.14887640449438203 0.13386194029850745
26 0.5733848314606742 0.43843283582089554 0.12148876404494383 0.07649253731343283
18 0.3360252808988764 0.44053171641791045 0.06952247191011236 0.11333955223880597
29 0.44452247191011235 0.44846082089552236 0.1502808988764045 0.06669776119402986
6 0.6871488764044944 0.45965485074626866 0.24087078651685392 0.06576492537313433