0 0.3960674157303371 0.5963152985074627 0.17134831460674158 0.07695895522388059
4 0.547752808988764 0.6114738805970149 0.16292134831460675 0.07742537313432836
20 0.7405196629213483 0.621035447761194 0.12570224719101122 0.052705223880597014
9 0.7152387640449438 0.8948227611940298 0.21839887640449437 0.06389925373134328
3 0.4058988764044944 0.8997201492537313 0.12219101123595505 0.0708955223880597
27 0.78125 0.1765391791044776 0.11165730337078651 0.13852611940298507
29 0.3865870786516854 0.21222014925373134 0.1622191011235955 0.06623134328358209
12 0.5930477528089888 0.21828358208955223 0.1580056179775281 0.051305970149253734
25 0.36235955056179775 0.4083488805970149 0.14887640449438203 0.16184701492537312
22 0.7605337078651685 0.43330223880597013 0.17134831460674158 0.09421641791044776
28 0.6738061797752809 0.44822761194029853 0.18328651685393257 0.08115671641791045
26 0.5330056179775281 0.4533582089552239 0.1348314606741573 0.06996268656716417