22 0.5049157303370787 0.5883861940298507 0.1446629213483146 0.09468283582089553
21 0.36235955056179775 0.6042444029850746 0.125 0.09934701492537314
1 0.6492275280898876 0.6184701492537313 0.17907303370786518 0.07182835820895522
19 0.7169943820224719 0.871268656716418 0.05337078651685393 0.03731343283582089
19 0.8075842696629213 0.8845615671641791 0.08707865168539326 0.07789179104477612
0 0.6123595505617978 0.8880597014925373 0.10393258426966293 0.10074626865671642
25 0.42521067415730335 0.8938899253731343 0.27036516853932585 0.1525186567164179
0 0.7489466292134831 0.9109141791044776 0.08497191011235955 0.06996268656716417
6 0.6590589887640449 0.22318097014925373 0.1622191011235955 0.045242537313432835
3 0.3553370786516854 0.2248134328358209 0.125 0.04197761194029851
24 0.5200140449438202 0.23041044776119404 0.12991573033707865 0.03264925373134328
29 0.4125702247191011 0.44892723880597013 0.288623595505618 0.08162313432835822
16 0.5888342696629213 0.4505597014925373 0.1271067415730337 0.03824626865671642
7 0.6867977528089888 0.4566231343283582 0.10112359550561797 0.05223880597014925