3 0.8107443820224719 0.4689832089552239 0.13553370786516855 0.05457089552238806
12 0.7363061797752809 0.5995802238805971 0.12570224719101122 0.05550373134328358
7 0.5340589887640449 0.5998134328358209 0.13132022471910113 0.0625
20 0.38342696629213485 0.601679104477612 0.09410112359550561 0.0960820895522388
25 0.6790730337078652 0.8057369402985075 0.2556179775280899 0.10587686567164178
23 0.3785112359550562 0.8896921641791045 0.14185393258426968 0.08628731343283583
2 0.7475421348314607 0.902518656716418 0.21418539325842698 0.10541044776119403
24 0.5677668539325843 0.9127798507462687 0.16081460674157302 0.07555970149253731
29 0.6983848314606742 0.22178171641791045 0.13974719101123595 0.05177238805970149
19 0.398876404494382 0.22271455223880596 0.14185393258426968 0.04057835820895522
6 0.5568820224719101 0.2271455223880597 0.20084269662921347 0.03544776119402985
27 0.4002808988764045 0.41277985074626866 0.11797752808988764 0.12406716417910447
16 0.625 0.46198694029850745 0.18820224719101122 0.052705223880597014