22 0.6039325842696629 0.5895522388059702 0.12921348314606743 0.0914179104477612
14 0.7868679775280899 0.6009794776119403 0.10884831460674158 0.05643656716417911
11 0.4311797752808989 0.6044776119402985 0.0800561797752809 0.07182835820895522
29 0.4041432584269663 0.8819962686567164 0.15941011235955055 0.10167910447761194
2 0.5653089887640449 0.8917910447761194 0.12219101123595505 0.0708955223880597
27 0.3690308988764045 0.17490671641791045 0.13412921348314608 0.1417910447761194
0 0.7700140449438202 0.212919776119403 0.18328651685393257 0.06669776119402986
24 0.6049859550561798 0.22644589552238806 0.14676966292134833 0.03684701492537314
26 0.6049859550561798 0.44799440298507465 0.1720505617977528 0.07229477611940298
1 0.7524578651685393 0.44986007462686567 0.14536516853932585 0.0732276119402985
23 0.40554775280898875 0.458955223880597 0.1678370786516854 0.06996268656716417