25 0.4575140449438202 0.5580690298507462 0.2577247191011236 0.10494402985074627
11 0.7507022471910112 0.597481343283582 0.07443820224719101 0.06623134328358209
4 0.6127106741573034 0.6065764925373134 0.14676966292134833 0.0732276119402985
6 0.3686797752808989 0.6182369402985075 0.1348314606741573 0.06110074626865672
26 0.45224719101123595 0.8605410447761194 0.12640449438202248 0.07929104477611941
28 0.7668539325842697 0.8889925373134329 0.19241573033707865 0.11473880597014925
20 0.6032303370786517 0.16674440298507462 0.10252808988764045 0.1599813432835821
7 0.7492977528089888 0.21245335820895522 0.12359550561797752 0.045242537313432835
24 0.4122191011235955 0.22737873134328357 0.14606741573033707 0.03311567164179104
27 0.39712078651685395 0.41068097014925375 0.11165730337078651 0.12453358208955224
0 0.5589887640449438 0.45009328358208955 0.17134831460674158 0.07649253731343283
16 0.3792134831460674 0.4631529850746269 0.19662921348314608 0.05690298507462686