24 0.3753511235955056 0.4673507462686567 0.15941011235955055 0.0457089552238806
22 0.36797752808988765 0.5797574626865671 0.13904494382022473 0.1044776119402985
19 0.7345505617977528 0.589785447761194 0.06460674157303371 0.03684701492537314
16 0.5544241573033708 0.6203358208955224 0.20435393258426968 0.08115671641791045
21 0.5688202247191011 0.8537779850746269 0.18258426966292135 0.09001865671641791
13 0.5832162921348315 0.8796641791044776 0.13974719101123595 0.15205223880597016
11 0.38202247191011235 0.9146455223880597 0.0800561797752809 0.08582089552238806
14 0.7257724719101124 0.9204757462686567 0.10884831460674158 0.07509328358208955
27 0.3655196629213483 0.17537313432835822 0.09901685393258428 0.13712686567164178
26 0.7612359550561798 0.20942164179104478 0.13623595505617977 0.06623134328358209
15 0.5912921348314607 0.21478544776119404 0.33848314606741575 0.05830223880597015
20 0.5656601123595506 0.40718283582089554 0.12429775280898876 0.18563432835820895
3 0.7675561797752809 0.4610541044776119 0.15730337078651685 0.05457089552238806