13 0.5888342696629213 0.5848880597014925 0.17907303370786518 0.09794776119402986
29 0.7282303370786517 0.5902518656716418 0.13904494382022473 0.07975746268656717
25 0.40484550561797755 0.605410447761194 0.26474719101123595 0.08395522388059702
2 0.37780898876404495 0.8864272388059702 0.18258426966292135 0.09375
24 0.5375702247191011 0.8899253731343284 0.12289325842696629 0.06063432835820896
7 0.7478932584269663 0.8915578358208955 0.11095505617977527 0.0732276119402985
27 0.33918539325842695 0.1756063432835821 0.11657303370786516 0.1357276119402985
27 0.5941011235955056 0.18446828358208955 0.11235955056179775 0.1226679104477612
5 0.7377106741573034 0.2080223880597015 0.1678370786516854 0.0708955223880597
0 0.46172752808988765 0.21851679104477612 0.1678370786516854 0.05923507462686567
21 0.7054073033707865 0.43423507462686567 0.19592696629213482 0.08208955223880597
8 0.36060393258426965 0.44612873134328357 0.1875 0.0853544776119403
11 0.7535112359550562 0.46222014925373134 0.07865168539325842 0.06343283582089553
6 0.5319522471910112 0.464785447761194 0.1818820224719101 0.05923507462686567