7 0.7447331460674157 0.5930503731343284 0.07794943820224719 0.06576492537313433
12 0.6077949438202247 0.5951492537313433 0.10042134831460674 0.055970149253731345
9 0.43609550561797755 0.6061100746268657 0.26825842696629215 0.06949626865671642
5 0.7538623595505618 0.8642723880597015 0.16362359550561797 0.10820895522388059
8 0.5540730337078652 0.8717350746268657 0.19803370786516855 0.12406716417910447
23 0.3732443820224719 0.8880597014925373 0.13834269662921347 0.08395522388059702
21 0.39115168539325845 0.20732276119402984 0.15168539325842698 0.07229477611940298
6 0.6632724719101124 0.22574626865671643 0.2478932584269663 0.033582089552238806
10 0.5140449438202247 0.23740671641791045 0.12219101123595505 0.013992537313432836
20 0.4202949438202247 0.40625 0.09480337078651685 0.16884328358208955
27 0.5646067415730337 0.41511194029850745 0.09691011235955056 0.1296641791044776
19 0.7117275280898876 0.4493936567164179 0.2577247191011236 0.04617537313432836