26 0.3813202247191011 0.5757929104477612 0.12359550561797752 0.0853544776119403
8 0.7559691011235955 0.6028451492537313 0.19452247191011235 0.09561567164179105
6 0.5474016853932584 0.6126399253731343 0.23384831460674158 0.08069029850746269
1 0.7837078651685393 0.8770988805970149 0.1699438202247191 0.13199626865671643
17 0.40098314606741575 0.9046175373134329 0.18679775280898878 0.08069029850746269
11 0.6379915730337079 0.917910447761194 0.0877808988764045 0.07929104477611941
7 0.5860252808988764 0.21315298507462688 0.08497191011235955 0.051305970149253734
23 0.4023876404494382 0.2140858208955224 0.19382022471910113 0.058768656716417914
14 0.7145365168539326 0.22038246268656717 0.11165730337078651 0.04617537313432836
19 0.8047752808988764 0.22271455223880596 0.125 0.03871268656716418
5 0.398876404494382 0.4193097014925373 0.17837078651685392 0.058768656716417914
18 0.7514044943820225 0.43213619402985076 0.06601123595505617 0.1226679104477612
29 0.5656601123595506 0.4470615671641791 0.12991573033707865 0.07602611940298508
28 0.40730337078651685 0.46012126865671643 0.27808988764044945 0.06763059701492537