10 0.37956460674157305 0.47318097014925375 0.12851123595505617 0.02845149253731343
16 0.6745084269662921 0.5998134328358209 0.27036516853932585 0.049440298507462684
9 0.4058988764044944 0.6000466417910447 0.1502808988764045 0.04057835820895522
24 0.7271769662921348 0.886660447761194 0.14817415730337077 0.06716417910447761
23 0.5684691011235955 0.886893656716418 0.12008426966292135 0.0732276119402985
2 0.4020365168539326 0.8885261194029851 0.14817415730337077 0.07929104477611941
27 0.7868679775280899 0.17863805970149255 0.12570224719101122 0.1333955223880597
1 0.5842696629213483 0.20265858208955223 0.15308988764044945 0.09188432835820895
19 0.41502808988764045 0.22131529850746268 0.18679775280898878 0.0480410447761194
12 0.5635533707865169 0.44986007462686567 0.17485955056179775 0.0480410447761194
6 0.7636938202247191 0.4624533582089552 0.1678370786516854 0.0480410447761194