10 0.6499297752808989 0.4701492537313433 0.11306179775280899 0.03544776119402985
13 0.4178370786516854 0.566231343283582 0.12078651685393259 0.11567164179104478
26 0.5481039325842697 0.5797574626865671 0.14957865168539325 0.0625
9 0.7240168539325843 0.6147388059701493 0.2205056179775281 0.04664179104477612
27 0.6650280898876404 0.8232276119402985 0.10252808988764045 0.12406716417910447
15 0.7798455056179775 0.8990205223880597 0.21839887640449437 0.10774253731343283
6 0.4199438202247191 0.9111473880597015 0.21067415730337077 0.06669776119402986
5 0.5972612359550562 0.20149253731343283 0.18469101123595505 0.08582089552238806
23 0.761938202247191 0.2080223880597015 0.15308988764044945 0.06716417910447761
12 0.4592696629213483 0.21455223880597016 0.12780898876404495 0.048507462686567165
20 0.37429775280898875 0.4398320895522388 0.125 0.07462686567164178
21 0.7759831460674157 0.449160447761194 0.15730337078651685 0.06809701492537314
24 0.5168539325842697 0.4626865671641791 0.1502808988764045 0.041044776119402986