8 0.7503511235955056 0.6023787313432836 0.20856741573033707 0.09654850746268656
17 0.5502106741573034 0.6184701492537313 0.21418539325842698 0.03731343283582089
27 0.660814606741573 0.8610074626865671 0.10674157303370786 0.14272388059701493
25 0.761938202247191 0.8840951492537313 0.17134831460674158 0.20289179104477612
14 0.6906601123595506 0.21711753731343283 0.10884831460674158 0.052705223880597014
19 0.7935393258426966 0.2236473880597015 0.12219101123595505 0.037779850746268655
24 0.5691713483146067 0.2294776119402985 0.13974719101123595 0.030783582089552237
18 0.3574438202247191 0.42024253731343286 0.07162921348314606 0.09794776119402986
26 0.5856741573033708 0.43656716417910446 0.12078651685393259 0.06529850746268656
0 0.7159410112359551 0.45242537313432835 0.1425561797752809 0.07369402985074627
7 0.40730337078651685 0.45475746268656714 0.12219101123595505 0.06063432835820896