13 0.4705056179775281 0.5611007462686567 0.12921348314606743 0.12126865671641791
23 0.5905898876404494 0.605410447761194 0.17696629213483145 0.08861940298507463
1 0.3655196629213483 0.6058768656716418 0.16081460674157302 0.08395522388059702
26 0.5003511235955056 0.8640391791044776 0.1678370786516854 0.09561567164179105
19 0.35252808988764045 0.8810634328358209 0.12078651685393259 0.07742537313432836
2 0.7528089887640449 0.8843283582089553 0.2050561797752809 0.09421641791044776
27 0.37956460674157305 0.17513992537313433 0.10323033707865169 0.1310634328358209
13 0.7988061797752809 0.19309701492537312 0.13974719101123595 0.10074626865671642
29 0.5326544943820225 0.21431902985074627 0.17345505617977527 0.06296641791044776
20 0.5912921348314607 0.39948694029850745 0.10674157303370786 0.1525186567164179
25 0.40941011235955055 0.4496268656716418 0.27668539325842695 0.08955223880597014
11 0.7278792134831461 0.45592350746268656 0.07654494382022473 0.06110074626865672