2 0.776685393258427 0.46711753731343286 0.21348314606741572 0.05177238805970149
22 0.3655196629213483 0.5830223880597015 0.15098314606741572 0.10820895522388059
18 0.7643960674157303 0.59375 0.0625 0.11100746268656717
25 0.5330056179775281 0.6033115671641791 0.32162921348314605 0.09468283582089553
21 0.5797050561797753 0.8533115671641791 0.2029494382022472 0.09934701492537314
15 0.3714887640449438 0.9193097014925373 0.20224719101123595 0.125
28 0.6811797752808989 0.9288712686567164 0.3553370786516854 0.13292910447761194
27 0.3746488764044944 0.17840485074626866 0.11165730337078651 0.1310634328358209
26 0.7640449438202247 0.21105410447761194 0.13623595505617977 0.07229477611940298
1 0.5874297752808989 0.2140858208955224 0.18890449438202248 0.054104477611940295
29 0.5607443820224719 0.44053171641791045 0.16924157303370788 0.08628731343283583
16 0.3981741573033708 0.46408582089552236 0.19241573033707865 0.06063432835820896