24 0.5143960674157303 0.466884328358209 0.15941011235955055 0.03544776119402985
15 0.6453651685393258 0.5552705223880597 0.24719101123595505 0.0853544776119403
21 0.3693820224719101 0.5918843283582089 0.19382022471910113 0.09328358208955224
25 0.6239466292134831 0.5923507462686567 0.27457865168539325 0.0914179104477612
22 0.28616573033707865 0.8694029850746269 0.12289325842696629 0.09421641791044776
3 0.45365168539325845 0.8736007462686567 0.14325842696629212 0.06529850746268656
16 0.670997191011236 0.8766324626865671 0.20435393258426968 0.09654850746268656
18 0.4396067415730337 0.1923973880597015 0.06179775280898876 0.10401119402985075
26 0.2847612359550562 0.20102611940298507 0.16081460674157302 0.06996268656716417
29 0.5456460674157303 0.21012126865671643 0.16292134831460675 0.07695895522388059
1 0.6741573033707865 0.21665111940298507 0.1306179775280899 0.060167910447761194
7 0.6583567415730337 0.44169776119402987 0.0877808988764045 0.06063432835820896