11 0.6527387640449438 0.5750932835820896 0.05407303370786517 0.055970149253731345
15 0.5224719101123596 0.6030783582089553 0.20084269662921347 0.0830223880597015
10 0.7510533707865169 0.6107742537313433 0.12148876404494383 0.04617537313432836
13 0.5533707865168539 0.831856343283582 0.11095505617977527 0.1357276119402985
29 0.702247191011236 0.8619402985074627 0.18398876404494383 0.07742537313432836
13 0.39360955056179775 0.8796641791044776 0.16643258426966293 0.12126865671641791
27 0.5203651685393258 0.1802705223880597 0.1151685393258427 0.12826492537313433
26 0.8047752808988764 0.2126865671641791 0.14887640449438203 0.06996268656716417
6 0.3732443820224719 0.2199160447761194 0.12148876404494383 0.05083955223880597
19 0.6594101123595506 0.2224813432835821 0.14185393258426968 0.04664179104477612
0 0.3960674157303371 0.449160447761194 0.20084269662921347 0.06996268656716417
23 0.7633426966292135 0.46012126865671643 0.14325842696629212 0.052705223880597014
16 0.5919943820224719 0.4612873134328358 0.1853932584269663 0.05970149253731343