7 0.5811095505617978 0.5986473880597015 0.07794943820224719 0.04897388059701493
12 0.7524578651685393 0.6000466417910447 0.10042134831460674 0.057369402985074626
1 0.39712078651685395 0.6096082089552238 0.15379213483146068 0.08675373134328358
18 0.3539325842696629 0.8747667910447762 0.06460674157303371 0.11240671641791045
9 0.5481039325842697 0.8913246268656716 0.27036516853932585 0.07929104477611941
20 0.5814606741573034 0.1623134328358209 0.10674157303370786 0.166044776119403
23 0.39571629213483145 0.2068563432835821 0.20154494382022473 0.07229477611940298
10 0.723314606741573 0.24090485074626866 0.11938202247191011 0.010727611940298507
27 0.7447331460674157 0.4146455223880597 0.12429775280898876 0.1333955223880597
29 0.4273174157303371 0.4372667910447761 0.1425561797752809 0.07695895522388059
21 0.5804073033707865 0.44426305970149255 0.15660112359550563 0.08722014925373134