8 0.7292837078651685 0.5876865671641791 0.21558988764044945 0.09328358208955224
5 0.38939606741573035 0.590018656716418 0.1720505617977528 0.09048507462686567
23 0.5435393258426966 0.6063432835820896 0.16292134831460675 0.06996268656716417
20 0.6625702247191011 0.8180970149253731 0.09199438202247191 0.16417910447761194
24 0.7391151685393258 0.9146455223880597 0.12008426966292135 0.06343283582089553
27 0.3472612359550562 0.17537313432835822 0.0976123595505618 0.13059701492537312
7 0.7198033707865169 0.2103544776119403 0.08707865168539326 0.04291044776119403
6 0.5087780898876404 0.22294776119402984 0.22682584269662923 0.051305970149253734
28 0.6853932584269663 0.4468283582089552 0.060393258426966294 0.04197761194029851
28 0.7921348314606742 0.4510261194029851 0.125 0.07742537313432836
26 0.3865870786516854 0.45382462686567165 0.13974719101123595 0.07929104477611941
15 0.5775983146067416 0.46198694029850745 0.2535112359550562 0.06296641791044776