3 0.4726123595505618 0.46711753731343286 0.13623595505617977 0.049906716417910446
6 0.6186797752808989 0.472714552238806 0.10674157303370786 0.03591417910447761
13 0.4396067415730337 0.5485074626865671 0.14185393258426968 0.10541044776119403
5 0.5888342696629213 0.5748600746268657 0.16924157303370788 0.08162313432835822
11 0.7686095505617978 0.5867537313432836 0.08075842696629214 0.06902985074626866
8 0.44627808988764045 0.6068097014925373 0.2773876404494382 0.10727611940298508
16 0.7096207865168539 0.6208022388059702 0.23946629213483145 0.05503731343283582
20 0.7601825842696629 0.8255597014925373 0.0976123595505618 0.14925373134328357
23 0.40695224719101125 0.8507462686567164 0.14676966292134833 0.08208955223880597
28 0.5488061797752809 0.8533115671641791 0.1425561797752809 0.07602611940298508
20 0.8065308988764045 0.8540111940298507 0.10603932584269662 0.16884328358208955
27 0.6716994382022472 0.863339552238806 0.11306179775280899 0.14085820895522388
1 0.7696629213483146 0.918143656716418 0.20926966292134833 0.12080223880597014
2 0.5129915730337079 0.9330690298507462 0.1327247191011236 0.08162313432835822
19 0.3637640449438202 0.9344682835820896 0.1502808988764045 0.10121268656716417
25 0.35077247191011235 0.1553171641791045 0.18047752808988765 0.18190298507462688
27 0.7787921348314607 0.1767723880597015 0.09410112359550561 0.1259328358208955
18 0.829002808988764 0.18983208955223882 0.06390449438202248 0.11007462686567164
22 0.6734550561797753 0.19519589552238806 0.13342696629213482 0.08815298507462686
29 0.48771067415730335 0.2150186567164179 0.1678370786516854 0.06063432835820896
15 0.7837078651685393 0.425839552238806 0.16151685393258428 0.15205223880597016
26 0.5691713483146067 0.4388992537313433 0.12991573033707865 0.06996268656716417
0 0.40695224719101125 0.4395988805970149 0.16643258426966293 0.0648320895522388
6 0.7429775280898876 0.4594216417910448 0.13764044943820225 0.06902985074626866
14 0.336376404494382 0.46431902985074625 0.09269662921348315 0.05363805970149254