6 0.6239466292134831 0.47527985074626866 0.09901685393258428 0.041044776119402986
5 0.6337780898876404 0.5536380597014925 0.15660112359550563 0.043843283582089554
26 0.40870786516853935 0.5739272388059702 0.15589887640449437 0.057369402985074626
11 0.7700140449438202 0.5876865671641791 0.06952247191011236 0.055970149253731345
21 0.6527387640449438 0.5984141791044776 0.2029494382022472 0.09328358208955224
14 0.8191713483146067 0.6256996268656716 0.11867977528089887 0.057369402985074626
24 0.4216994382022472 0.6301305970149254 0.1580056179775281 0.04477611940298507
27 0.776685393258427 0.8274253731343284 0.10252808988764045 0.09888059701492537
3 0.5301966292134831 0.8435167910447762 0.10955056179775281 0.07136194029850747
23 0.4044943820224719 0.855410447761194 0.14185393258426968 0.0914179104477612
16 0.7584269662921348 0.9104477611940298 0.17134831460674158 0.07929104477611941
19 0.3655196629213483 0.9260727611940298 0.15379213483146068 0.08162313432835822
17 0.5407303370786517 0.9589552238805971 0.19241573033707865 0.08022388059701492
25 0.33848314606741575 0.1599813432835821 0.17696629213483145 0.17723880597014927
27 0.7805477528089888 0.18050373134328357 0.0976123595505618 0.1333955223880597
22 0.6671348314606742 0.18236940298507462 0.1151685393258427 0.04757462686567164
18 0.8300561797752809 0.18773320895522388 0.06320224719101124 0.1142723880597015
28 0.6678370786516854 0.20988805970149255 0.2443820224719101 0.07835820895522388
29 0.48560393258426965 0.212919776119403 0.16081460674157302 0.05643656716417911
13 0.5150983146067416 0.41091417910447764 0.12991573033707865 0.1287313432835821
15 0.7840589887640449 0.4183768656716418 0.17064606741573032 0.14365671641791045
13 0.6474719101123596 0.423740671641791 0.14887640449438203 0.09748134328358209
0 0.39712078651685395 0.44263059701492535 0.16081460674157302 0.0457089552238806
7 0.4241573033707865 0.4542910447761194 0.1446629213483146 0.05037313432835821
6 0.7412219101123596 0.462919776119403 0.12991573033707865 0.06576492537313433