22 0.367626404494382 0.5827891791044776 0.14536516853932585 0.10680970149253731
25 0.5200140449438202 0.5949160447761194 0.25912921348314605 0.08162313432835822
15 0.7570224719101124 0.6019123134328358 0.2345505617977528 0.09095149253731344
21 0.5705758426966292 0.8563432835820896 0.1931179775280899 0.08395522388059702
0 0.7384129213483146 0.8642723880597015 0.1622191011235955 0.0830223880597015
23 0.40379213483146065 0.8796641791044776 0.17415730337078653 0.0960820895522388
28 0.8167134831460674 0.9293376865671642 0.125 0.09188432835820895
28 0.6839887640449438 0.929804104477612 0.10252808988764045 0.10121268656716417
6 0.39009831460674155 0.22108208955223882 0.2071629213483146 0.0457089552238806
3 0.5758426966292135 0.22201492537313433 0.13904494382022473 0.03917910447761194
26 0.36200842696629215 0.4528917910447761 0.14676966292134833 0.08022388059701492
29 0.567064606741573 0.4528917910447761 0.20997191011235955 0.07555970149253731
19 0.7482443820224719 0.462919776119403 0.1818820224719101 0.05177238805970149