13 0.4789325842696629 0.5629664179104478 0.12780898876404495 0.1287313432835821
23 0.5958567415730337 0.6044776119402985 0.1931179775280899 0.07742537313432836
3 0.36587078651685395 0.6154384328358209 0.13342696629213482 0.05923507462686567
6 0.7700140449438202 0.6196361940298507 0.18328651685393257 0.0732276119402985
20 0.769311797752809 0.8421175373134329 0.10463483146067416 0.17024253731343283
22 0.639747191011236 0.8624067164179104 0.1404494382022472 0.12220149253731344
1 0.5087780898876404 0.8777985074626866 0.19452247191011235 0.10914179104477612
19 0.36446629213483145 0.8838619402985075 0.14325842696629212 0.08675373134328358
13 0.8040730337078652 0.18983208955223882 0.11235955056179775 0.1044776119402985
15 0.40870786516853935 0.21455223880597016 0.25842696629213485 0.06063432835820896
25 0.42450842696629215 0.44076492537313433 0.24367977528089887 0.08395522388059702
29 0.5677668539325843 0.4603544776119403 0.19030898876404495 0.06529850746268656
16 0.7538623595505618 0.4624533582089552 0.1931179775280899 0.05830223880597015