5 0.6299157303370787 0.5578358208955224 0.1601123595505618 0.05317164179104478
17 0.33075842696629215 0.5788246268656716 0.10393258426966293 0.15111940298507462
27 0.8065308988764045 0.5876865671641791 0.14396067415730338 0.13059701492537312
1 0.4375 0.5909514925373134 0.17696629213483145 0.07462686567164178
21 0.6664325842696629 0.6021455223880597 0.13904494382022473 0.08115671641791045
3 0.5245786516853933 0.6203358208955224 0.13202247191011235 0.0625
20 0.6738061797752809 0.8159981343283582 0.10182584269662921 0.1571828358208955
20 0.7650983146067416 0.816231343283582 0.0877808988764045 0.15485074626865672
15 0.4041432584269663 0.8689365671641791 0.19873595505617977 0.11940298507462686
24 0.5632022471910112 0.8736007462686567 0.1151685393258427 0.07462686567164178
0 0.7436797752808989 0.8934235074626866 0.21207865168539325 0.09934701492537314
25 0.3728932584269663 0.18050373134328357 0.2303370786516854 0.10634328358208955
22 0.7945926966292135 0.1984608208955224 0.1622191011235955 0.09281716417910447
6 0.47015449438202245 0.22388059701492538 0.2226123595505618 0.04011194029850746
6 0.6327247191011236 0.23250932835820895 0.060393258426966294 0.021921641791044777
26 0.3883426966292135 0.40694962686567165 0.11095505617977527 0.01632462686567164
8 0.413623595505618 0.451259328358209 0.2752808988764045 0.09095149253731344
7 0.6889044943820225 0.454990671641791 0.10674157303370786 0.05363805970149254