2 0.7071629213483146 0.6026119402985075 0.2303370786516854 0.04197761194029851
10 0.43890449438202245 0.6252332089552238 0.22191011235955055 0.057369402985074626
26 0.7507022471910112 0.8526119402985075 0.12780898876404495 0.0914179104477612
8 0.5632022471910112 0.8526119402985075 0.22331460674157302 0.07649253731343283
9 0.3925561797752809 0.9011194029850746 0.15308988764044945 0.09794776119402986
23 0.7191011235955056 0.21222014925373134 0.18820224719101122 0.06063432835820896
20 0.386938202247191 0.21361940298507462 0.1348314606741573 0.07276119402985075
12 0.5484550561797753 0.2175839552238806 0.13623595505617977 0.03125
13 0.7640449438202247 0.4351679104477612 0.16432584269662923 0.11194029850746269
11 0.5632022471910112 0.44846082089552236 0.08286516853932584 0.06389925373134328
3 0.43679775280898875 0.464785447761194 0.11095505617977527 0.04057835820895522