24 0.5442415730337079 0.4759794776119403 0.13202247191011235 0.037779850746268655
22 0.37183988764044945 0.5879197761194029 0.13553370786516855 0.08815298507462686
15 0.7429775280898876 0.6168376865671642 0.24157303370786518 0.07136194029850747
14 0.5491573033707865 0.6177705223880597 0.11938202247191011 0.06110074626865672
29 0.398876404494382 0.8784981343283582 0.1544943820224719 0.10121268656716417
8 0.7468398876404494 0.886660447761194 0.19030898876404495 0.11287313432835822
2 0.5751404494382022 0.8931902985074627 0.11657303370786516 0.07182835820895522
7 0.40870786516853935 0.212919776119403 0.14887640449438203 0.049906716417910446
6 0.7092696629213483 0.22434701492537312 0.24859550561797752 0.04757462686567164
1 0.6906601123595506 0.4458955223880597 0.19452247191011235 0.07649253731343283
26 0.39360955056179775 0.4468283582089552 0.15379213483146068 0.07929104477611941