22 0.36797752808988765 0.5865205223880597 0.14185393258426968 0.09561567164179105
5 0.5228230337078652 0.5916511194029851 0.16643258426966293 0.09654850746268656
7 0.6976825842696629 0.6023787313432836 0.14115168539325842 0.05923507462686567
19 0.7749297752808989 0.8812966417910447 0.14536516853932585 0.07882462686567164
29 0.39712078651685395 0.886893656716418 0.1678370786516854 0.08255597014925373
6 0.5196629213483146 0.8880597014925373 0.10252808988764045 0.09235074626865672
6 0.6653792134831461 0.898320895522388 0.08497191011235955 0.07835820895522388
8 0.7661516853932584 0.20359141791044777 0.22191011235955055 0.08255597014925373
3 0.3539325842696629 0.22527985074626866 0.12780898876404495 0.03731343283582089
24 0.5129915730337079 0.2297108208955224 0.12991573033707865 0.03404850746268657
26 0.3714887640449438 0.44286380597014924 0.15168539325842698 0.09001865671641791
14 0.6846910112359551 0.45382462686567165 0.10112359550561797 0.055970149253731345
11 0.7917837078651685 0.45475746268656714 0.07654494382022473 0.06529850746268656
23 0.5389747191011236 0.45988805970149255 0.1678370786516854 0.06809701492537314