23 0.4859550561797753 0.586054104477612 0.18117977528089887 0.06856343283582089
24 0.6699438202247191 0.605410447761194 0.12219101123595505 0.051305970149253734
10 0.8128511235955056 0.6180037313432836 0.14115168539325842 0.06063432835820896
9 0.43820224719101125 0.8745335820895522 0.17415730337078653 0.08861940298507463
15 0.7029494382022472 0.8815298507462687 0.26264044943820225 0.09048507462686567
27 0.6186797752808989 0.17817164179104478 0.12219101123595505 0.1259328358208955
28 0.8044241573033708 0.21222014925373134 0.13412921348314608 0.06716417910447761
29 0.4666432584269663 0.21618470149253732 0.14115168539325842 0.049906716417910446
11 0.5614466292134831 0.44402985074626866 0.07654494382022473 0.06063432835820896
7 0.4174859550561798 0.4475279850746269 0.14115168539325842 0.049906716417910446
12 0.831811797752809 0.45242537313432835 0.11306179775280899 0.043843283582089554
3 0.6502808988764045 0.46548507462686567 0.15730337078651685 0.04197761194029851