3 0.46769662921348315 0.46944962686567165 0.14887640449438203 0.04710820895522388
6 0.6186797752808989 0.4699160447761194 0.10252808988764045 0.039645522388059705
13 0.44030898876404495 0.5475746268656716 0.14887640449438203 0.09794776119402986
5 0.5941011235955056 0.5613339552238806 0.18117977528089887 0.07136194029850747
11 0.7837078651685393 0.5876865671641791 0.08286516853932584 0.055970149253731345
8 0.6594101123595506 0.6044776119402985 0.26825842696629215 0.10541044776119403
21 0.42907303370786515 0.6065764925373134 0.2345505617977528 0.09468283582089553
20 0.7577247191011236 0.824393656716418 0.08848314606741572 0.1515858208955224
28 0.5435393258426966 0.8498134328358209 0.14325842696629212 0.07929104477611941
20 0.8075842696629213 0.8500466417910447 0.10112359550561797 0.17024253731343283
23 0.40344101123595505 0.851679104477612 0.15379213483146068 0.07742537313432836
27 0.6738061797752809 0.8619402985074627 0.11165730337078651 0.14272388059701493
1 0.769311797752809 0.9174440298507462 0.19171348314606743 0.12406716417910447
19 0.3613061797752809 0.929570895522388 0.14957865168539325 0.08395522388059702
2 0.5252808988764045 0.9388992537313433 0.16573033707865167 0.09421641791044776
25 0.3416432584269663 0.16161380597014927 0.1875 0.16651119402985073
27 0.7798455056179775 0.17863805970149255 0.08497191011235955 0.1287313432835821
18 0.8293539325842697 0.18913246268656717 0.07303370786516854 0.11613805970149253
22 0.6650280898876404 0.1982276119402985 0.14185393258426968 0.08488805970149253
29 0.4940308988764045 0.21665111940298507 0.1720505617977528 0.06669776119402986
15 0.7763342696629213 0.41767723880597013 0.16924157303370788 0.1515858208955224
26 0.5677668539325843 0.43423507462686567 0.12289325842696629 0.07276119402985075
0 0.4083567415730337 0.44402985074626866 0.17345505617977527 0.06716417910447761
6 0.7405196629213483 0.4594216417910448 0.14115168539325842 0.06716417910447761
14 0.3360252808988764 0.4631529850746269 0.10463483146067416 0.06063432835820896