27 0.7696629213483146 0.5650652985074627 0.11095505617977527 0.13666044776119404
23 0.5965589887640449 0.6068097014925373 0.17485955056179775 0.08208955223880597
20 0.6639747191011236 0.8120335820895522 0.09058988764044944 0.1455223880597015
11 0.35674157303370785 0.8687033582089553 0.07303370786516854 0.06669776119402986
18 0.37640449438202245 0.8917910447761194 0.05898876404494382 0.10914179104477612
8 0.6467696629213483 0.9244402985074627 0.22612359550561797 0.12126865671641791
7 0.7205056179775281 0.2115205223880597 0.08848314606741572 0.045242537313432835
13 0.39360955056179775 0.4141791044776119 0.1678370786516854 0.14458955223880596
26 0.5540730337078652 0.44799440298507465 0.1348314606741573 0.08162313432835822
28 0.6822331460674157 0.45265858208955223 0.07092696629213484 0.04897388059701493
28 0.7900280898876404 0.4542910447761194 0.12078651685393259 0.07649253731343283