11 0.5797050561797753 0.5993470149253731 0.07654494382022473 0.06436567164179105
23 0.41889044943820225 0.6005130597014925 0.14957865168539325 0.07789179104477612
7 0.7636938202247191 0.6049440298507462 0.10463483146067416 0.051305970149253734
12 0.4104634831460674 0.8703358208955224 0.11025280898876405 0.06623134328358209
9 0.7728230337078652 0.8726679104477612 0.15098314606741572 0.0830223880597015
6 0.567064606741573 0.8882929104477612 0.11587078651685394 0.09281716417910447
5 0.6000702247191011 0.2042910447761194 0.1875 0.08395522388059702
15 0.4143258426966292 0.20848880597014927 0.2205056179775281 0.06529850746268656
28 0.7995084269662921 0.208955223880597 0.21980337078651685 0.07276119402985075
27 0.7889747191011236 0.41138059701492535 0.11867977528089887 0.12126865671641791
29 0.4332865168539326 0.44193097014925375 0.14325842696629212 0.06389925373134328
0 0.6155196629213483 0.454990671641791 0.1720505617977528 0.06576492537313433