5 0.6327247191011236 0.5464085820895522 0.16432584269662923 0.03871268656716418
26 0.39957865168539325 0.5771921641791045 0.14185393258426968 0.07229477611940298
11 0.7721207865168539 0.5876865671641791 0.07794943820224719 0.0625
21 0.6446629213483146 0.6028451492537313 0.20224719101123595 0.0732276119402985
24 0.4178370786516854 0.6231343283582089 0.16713483146067415 0.04477611940298507
14 0.8191713483146067 0.6284981343283582 0.11165730337078651 0.05830223880597015
20 0.6811797752808989 0.8236940298507462 0.0997191011235955 0.16511194029850745
27 0.7830056179775281 0.8299906716417911 0.09129213483146068 0.09748134328358209
3 0.5319522471910112 0.8306902985074627 0.12289325842696629 0.055970149253731345
23 0.3981741573033708 0.8486473880597015 0.1348314606741573 0.07695895522388059
1 0.5663623595505618 0.8845615671641791 0.20997191011235955 0.08628731343283583
8 0.7707162921348315 0.9169776119402985 0.21418539325842698 0.11194029850746269
19 0.36200842696629215 0.9307369402985075 0.14817415730337077 0.07882462686567164
17 0.5635533707865169 0.9542910447761194 0.2169943820224719 0.09048507462686567
25 0.33532303370786515 0.16837686567164178 0.17485955056179775 0.1501865671641791
27 0.7798455056179775 0.17933768656716417 0.08356741573033707 0.13199626865671643
18 0.8279494382022472 0.18726679104477612 0.07303370786516854 0.11520522388059702
28 0.6632724719101124 0.2019589552238806 0.2563202247191011 0.09235074626865672
29 0.47928370786516855 0.2175839552238806 0.1425561797752809 0.049906716417910446
20 0.5337078651685393 0.40531716417910446 0.08707865168539326 0.16417910447761194
15 0.7875702247191011 0.4230410447761194 0.14536516853932585 0.13712686567164178
13 0.6502808988764045 0.4279384328358209 0.15870786516853932 0.09095149253731344
0 0.39747191011235955 0.4409981343283582 0.15168539325842698 0.05177238805970149
7 0.4202949438202247 0.453125 0.14115168539325842 0.05363805970149254
6 0.692064606741573 0.4610541044776119 0.238061797752809 0.06856343283582089