3 0.519311797752809 0.46968283582089554 0.1622191011235955 0.03731343283582089
10 0.7429775280898876 0.4818097014925373 0.2345505617977528 0.03731343283582089
18 0.42872191011235955 0.5643656716417911 0.05547752808988764 0.10541044776119403
2 0.6060393258426966 0.6063432835820896 0.15730337078651685 0.05317164179104478
26 0.7471910112359551 0.8551772388059702 0.12219101123595505 0.09654850746268656
8 0.5702247191011236 0.8586753731343284 0.2401685393258427 0.08208955223880597
23 0.7078651685393258 0.21361940298507462 0.17837078651685392 0.06063432835820896
12 0.4473314606741573 0.21688432835820895 0.11797752808988764 0.04197761194029851
11 0.8349719101123596 0.21735074626865672 0.09691011235955056 0.07182835820895522
20 0.7415730337078652 0.39715485074626866 0.08567415730337079 0.14132462686567165
20 0.5751404494382022 0.402285447761194 0.08567415730337079 0.13666044776119404
13 0.38939606741573035 0.43050373134328357 0.11165730337078651 0.11194029850746269