27 0.7471910112359551 0.5643656716417911 0.10955056179775281 0.13152985074626866
13 0.33146067415730335 0.5788246268656716 0.12780898876404495 0.11940298507462686
24 0.5853230337078652 0.621268656716418 0.11165730337078651 0.049440298507462684
20 0.639747191011236 0.8069029850746269 0.08848314606741572 0.14458955223880596
18 0.32549157303370785 0.8432835820895522 0.05266853932584269 0.10074626865671642
2 0.5958567415730337 0.902518656716418 0.26474719101123595 0.07835820895522388
23 0.3609550561797753 0.9228078358208955 0.16292134831460675 0.12080223880597014
13 0.3342696629213483 0.17210820895522388 0.15589887640449437 0.14272388059701493
5 0.4922752808988764 0.20242537313432835 0.19241573033707865 0.07742537313432836
0 0.6193820224719101 0.21245335820895522 0.27668539325842695 0.07042910447761194
29 0.7780898876404494 0.21851679104477612 0.10252808988764045 0.052705223880597014
26 0.38799157303370785 0.4470615671641791 0.1327247191011236 0.08255597014925373
19 0.6945224719101124 0.45592350746268656 0.199438202247191 0.045242537313432835
6 0.5389747191011236 0.458955223880597 0.1973314606741573 0.06436567164179105