13 0.4101123595505618 0.5576026119402985 0.15870786516853932 0.10867537313432836
8 0.7531601123595506 0.6035447761194029 0.19592696629213482 0.09235074626865672
21 0.3672752808988764 0.6044776119402985 0.16573033707865167 0.09328358208955224
6 0.5495084269662921 0.6103078358208955 0.22401685393258428 0.07789179104477612
1 0.7801966292134831 0.8770988805970149 0.16292134831460675 0.1226679104477612
17 0.40730337078651685 0.9050839552238806 0.1853932584269663 0.0853544776119403
11 0.6313202247191011 0.9167444029850746 0.0800561797752809 0.07602611940298508
26 0.3595505617977528 0.20079291044776118 0.14325842696629212 0.07882462686567164
7 0.5902387640449438 0.21245335820895522 0.10182584269662921 0.05363805970149254
24 0.78125 0.23041044776119404 0.11867977528089887 0.03264925373134328
13 0.38588483146067415 0.435634328358209 0.1523876404494382 0.11100746268656717
18 0.7679073033707865 0.43586753731343286 0.08356741573033707 0.11800373134328358
14 0.6699438202247191 0.4377332089552239 0.10112359550561797 0.029384328358208957
29 0.5526685393258427 0.4435634328358209 0.15589887640449437 0.08022388059701492
19 0.7341994382022472 0.4566231343283582 0.20997191011235955 0.04664179104477612