5 0.6309691011235955 0.574393656716418 0.16924157303370788 0.07789179104477612
27 0.7938904494382022 0.5851212686567164 0.12008426966292135 0.14225746268656717
1 0.44452247191011235 0.5881529850746269 0.19803370786516855 0.07182835820895522
21 0.6745084269662921 0.5944496268656716 0.1818820224719101 0.0853544776119403
3 0.5280898876404494 0.6254664179104478 0.11797752808988764 0.05037313432835821
20 0.7608848314606742 0.8187966417910447 0.09901685393258428 0.1609141791044776
20 0.672752808988764 0.8190298507462687 0.09410112359550561 0.15951492537313433
15 0.40730337078651685 0.8654384328358209 0.20365168539325842 0.11707089552238806
24 0.5646067415730337 0.8743003731343284 0.10674157303370786 0.057369402985074626
23 0.7974016853932584 0.9309701492537313 0.1931179775280899 0.11194029850746269
17 0.5667134831460674 0.9517257462686567 0.1952247191011236 0.09095149253731344
22 0.7917837078651685 0.1970615671641791 0.12570224719101122 0.09095149253731344
25 0.37780898876404495 0.19799440298507462 0.2598314606741573 0.08162313432835822
6 0.47155898876404495 0.21455223880597016 0.21558988764044945 0.06063432835820896
29 0.6523876404494382 0.21478544776119404 0.15870786516853932 0.06296641791044776
26 0.37394662921348315 0.44193097014925375 0.136938202247191 0.08255597014925373
7 0.7236657303370787 0.4552238805970149 0.14676966292134833 0.05223880597014925
14 0.5997191011235955 0.46198694029850745 0.0997191011235955 0.05830223880597015