13 0.4789325842696629 0.5613339552238806 0.11376404494382023 0.11333955223880597
23 0.5775983146067416 0.5965485074626866 0.18890449438202248 0.08955223880597014
1 0.36587078651685395 0.6058768656716418 0.16432584269662923 0.08395522388059702
26 0.5038623595505618 0.8635727611940298 0.1678370786516854 0.09654850746268656
19 0.3514747191011236 0.8805970149253731 0.12429775280898876 0.08022388059701492
2 0.7531601123595506 0.8847947761194029 0.2029494382022472 0.09514925373134328
27 0.38026685393258425 0.17583955223880596 0.10042134831460674 0.13152985074626866
13 0.7868679775280899 0.1923973880597015 0.12991573033707865 0.10867537313432836
29 0.535814606741573 0.21571828358208955 0.16432584269662923 0.06296641791044776
20 0.5944522471910112 0.3990205223880597 0.11025280898876405 0.1515858208955224
25 0.41537921348314605 0.44892723880597013 0.26474719101123595 0.08162313432835822
15 0.6804775280898876 0.462919776119403 0.25702247191011235 0.0648320895522388