24 0.382373595505618 0.46805037313432835 0.1271067415730337 0.03125
10 0.5389747191011236 0.4771455223880597 0.15519662921348315 0.03731343283582089
22 0.7489466292134831 0.5862873134328358 0.12148876404494383 0.10261194029850747
9 0.550561797752809 0.6033115671641791 0.17837078651685392 0.06856343283582089
15 0.36587078651685395 0.6084421641791045 0.13623595505617977 0.1226679104477612
5 0.4157303370786517 0.8465485074626866 0.15730337078651685 0.11007462686567164
7 0.6780196629213483 0.871268656716418 0.1425561797752809 0.06343283582089553
13 0.3493679775280899 0.19099813432835822 0.09901685393258428 0.11520522388059702
21 0.5530196629213483 0.2115205223880597 0.14115168539325842 0.06856343283582089
12 0.7577247191011236 0.21828358208955223 0.16713483146067415 0.04197761194029851
4 0.6439606741573034 0.45475746268656714 0.1601123595505618 0.048507462686567165
0 0.7938904494382022 0.4594216417910448 0.0976123595505618 0.054104477611940295