7 0.7447331460674157 0.5923507462686567 0.08356741573033707 0.06716417910447761
12 0.5294943820224719 0.5967817164179104 0.15730337078651685 0.05550373134328358
20 0.375 0.5972481343283582 0.11095505617977527 0.09095149253731344
5 0.7535112359550562 0.8621735074626866 0.16713483146067415 0.10774253731343283
8 0.5540730337078652 0.871268656716418 0.18398876404494383 0.1166044776119403
23 0.37359550561797755 0.8887593283582089 0.1502808988764045 0.08815298507462686
21 0.3929073033707865 0.2077891791044776 0.1622191011235955 0.0732276119402985
6 0.6724016853932584 0.22761194029850745 0.23946629213483145 0.033582089552238806
10 0.5161516853932584 0.23740671641791045 0.12359550561797752 0.014925373134328358
27 0.6474719101123596 0.417910447761194 0.10533707865168539 0.13526119402985073
19 0.7689606741573034 0.45778917910447764 0.17275280898876405 0.057369402985074626