25 0.37183988764044945 0.5732276119402985 0.17064606741573032 0.14832089552238806
19 0.7064606741573034 0.6009794776119403 0.13202247191011235 0.06576492537313433
15 0.5719803370786517 0.6028451492537313 0.2029494382022472 0.08815298507462686
21 0.5775983146067416 0.851445895522388 0.18890449438202248 0.09934701492537314
22 0.7282303370786517 0.8782649253731343 0.14747191011235955 0.1259328358208955
1 0.4118679775280899 0.8955223880597015 0.17485955056179775 0.0830223880597015
26 0.7612359550561798 0.21105410447761194 0.1446629213483146 0.06763059701492537
23 0.5305477528089888 0.21944962686567165 0.17907303370786518 0.057369402985074626
27 0.3577949438202247 0.4183768656716418 0.11446629213483146 0.13712686567164178
18 0.46594101123595505 0.4295708955223881 0.0625 0.10820895522388059
29 0.6091994382022472 0.45032649253731344 0.14676966292134833 0.06763059701492537