8 0.43609550561797755 0.5904850746268657 0.19101123595505617 0.07835820895522388
29 0.7710674157303371 0.5942164179104478 0.13904494382022473 0.06343283582089553
4 0.6309691011235955 0.6119402985074627 0.1523876404494382 0.06436567164179105
27 0.8114466292134831 0.8274253731343284 0.09339887640449439 0.13619402985074627
13 0.3844803370786517 0.8381529850746269 0.10182584269662921 0.12406716417910447
15 0.5835674157303371 0.8689365671641791 0.21067415730337077 0.09794776119402986
19 0.7124297752808989 0.9043843283582089 0.06390449438202248 0.058768656716417914
19 0.8332162921348315 0.9207089552238806 0.0625 0.04664179104477612
23 0.7938904494382022 0.21828358208955223 0.15379213483146068 0.055970149253731345
24 0.6660814606741573 0.22667910447761194 0.15098314606741572 0.033582089552238806
20 0.7440308988764045 0.39715485074626866 0.10323033707865169 0.14972014925373134
22 0.8072331460674157 0.4361007462686567 0.15379213483146068 0.09421641791044776
5 0.6541432584269663 0.43843283582089554 0.1580056179775281 0.08768656716417911
16 0.44978932584269665 0.4556902985074627 0.19592696629213482 0.049440298507462684