24 0.5330056179775281 0.47294776119402987 0.14185393258426968 0.03264925373134328
22 0.37043539325842695 0.5876865671641791 0.14396067415730338 0.09794776119402986
7 0.7011938202247191 0.6042444029850746 0.14817415730337077 0.05830223880597015
8 0.5438904494382022 0.878731343283582 0.19171348314606743 0.11100746268656717
19 0.7759831460674157 0.882695895522388 0.1502808988764045 0.07695895522388059
6 0.3827247191011236 0.886660447761194 0.19241573033707865 0.13152985074626866
27 0.7952949438202247 0.17210820895522388 0.13412921348314608 0.13526119402985073
26 0.6513342696629213 0.1993936567164179 0.15379213483146068 0.08815298507462686
1 0.3753511235955056 0.21851679104477612 0.21418539325842698 0.06949626865671642
5 0.39150280898876405 0.4388992537313433 0.17485955056179775 0.08488805970149253
14 0.7082162921348315 0.4542910447761194 0.10603932584269662 0.061567164179104475
11 0.7945926966292135 0.45638992537313433 0.07935393258426966 0.06669776119402986