6 0.6197331460674157 0.472714552238806 0.11165730337078651 0.03591417910447761
13 0.43609550561797755 0.5578358208955224 0.12078651685393259 0.11194029850746269
5 0.5881320224719101 0.5680970149253731 0.1720505617977528 0.06902985074626866
11 0.7703651685393258 0.5911847014925373 0.07584269662921349 0.06203358208955224
8 0.6534410112359551 0.6021455223880597 0.27036516853932585 0.09794776119402986
21 0.41327247191011235 0.6091417910447762 0.2071629213483146 0.08675373134328358
20 0.7626404494382022 0.8309235074626866 0.09550561797752809 0.16651119402985073
23 0.39747191011235955 0.8523787313432836 0.15589887640449437 0.0853544776119403
20 0.8100421348314607 0.8572761194029851 0.10603932584269662 0.18190298507462688
27 0.6695926966292135 0.8649720149253731 0.12991573033707865 0.13199626865671643
16 0.5273876404494382 0.9153451492537313 0.199438202247191 0.11893656716417911
19 0.36025280898876405 0.9260727611940298 0.14325842696629212 0.08162313432835822
1 0.7752808988764045 0.9279384328358209 0.2050561797752809 0.10680970149253731
25 0.33707865168539325 0.15904850746268656 0.17134831460674158 0.1828358208955224
27 0.7823033707865169 0.17583955223880596 0.0997191011235955 0.11847014925373134
22 0.6699438202247191 0.1802705223880597 0.11095505617977527 0.05083955223880597
18 0.8286516853932584 0.18470149253731344 0.06601123595505617 0.11567164179104478
28 0.6643258426966292 0.20988805970149255 0.25842696629213485 0.07835820895522388
29 0.4782303370786517 0.21548507462686567 0.14325842696629212 0.05037313432835821
15 0.7780898876404494 0.417910447761194 0.16432584269662923 0.1455223880597015
26 0.5695224719101124 0.435634328358209 0.12078651685393259 0.06996268656716417
0 0.40344101123595505 0.4470615671641791 0.1818820224719101 0.06389925373134328
6 0.7464887640449438 0.458955223880597 0.1404494382022472 0.06809701492537314
14 0.33321629213483145 0.4608208955223881 0.10603932584269662 0.05970149253731343
3 0.46383426966292135 0.464785447761194 0.13834269662921347 0.045242537313432835