28 0.48560393258426965 0.5657649253731343 0.1172752808988764 0.051305970149253734
28 0.6221910112359551 0.5879197761194029 0.1601123595505618 0.0648320895522388
12 0.7689606741573034 0.6007462686567164 0.1151685393258427 0.055970149253731345
16 0.4392556179775281 0.6140391791044776 0.1776685393258427 0.07602611940298508
9 0.5993679775280899 0.8747667910447762 0.18328651685393257 0.08628731343283583
5 0.7875702247191011 0.8805970149253731 0.16362359550561797 0.11007462686567164
4 0.3950140449438202 0.8875932835820896 0.14676966292134833 0.09235074626865672
13 0.4511938202247191 0.1863339552238806 0.11165730337078651 0.13852611940298507
0 0.817064606741573 0.212919776119403 0.09901685393258428 0.06949626865671642
7 0.6032303370786517 0.21548507462686567 0.08567415730337079 0.05037313432835821
11 0.36973314606741575 0.21595149253731344 0.08216292134831461 0.06063432835820896
20 0.5926966292134831 0.4041511194029851 0.08567415730337079 0.1571828358208955
15 0.7851123595505618 0.453125 0.1952247191011236 0.07509328358208955
26 0.386938202247191 0.45802238805970147 0.12780898876404495 0.06529850746268656