27 0.5031601123595506 0.5739272388059702 0.11025280898876405 0.13759328358208955
25 0.363061797752809 0.5748600746268657 0.17696629213483145 0.1515858208955224
19 0.6811797752808989 0.6012126865671642 0.1797752808988764 0.06623134328358209
21 0.39115168539325845 0.8663712686567164 0.19382022471910113 0.10401119402985075
22 0.5684691011235955 0.8766324626865671 0.1425561797752809 0.12919776119402984
0 0.7535112359550562 0.8887593283582089 0.199438202247191 0.11147388059701492
18 0.6039325842696629 0.18983208955223882 0.06179775280898876 0.10167910447761194
1 0.7633426966292135 0.2140858208955224 0.19101123595505617 0.054104477611940295
15 0.40133426966292135 0.21805037313432835 0.2226123595505618 0.04897388059701493
29 0.3785112359550562 0.4456623134328358 0.16573033707865167 0.06203358208955224
23 0.7612359550561798 0.4603544776119403 0.16292134831460675 0.07276119402985075