7 0.45575842696629215 0.5939832089552238 0.08848314606741572 0.052705223880597014
23 0.7882724719101124 0.6047108208955224 0.19030898876404495 0.06856343283582089
24 0.6074438202247191 0.6096082089552238 0.13904494382022473 0.05317164179104478
12 0.41327247191011235 0.8675373134328358 0.1074438202247191 0.07369402985074627
9 0.7679073033707865 0.8708022388059702 0.16081460674157302 0.08115671641791045
6 0.5691713483146067 0.886660447761194 0.11025280898876405 0.08675373134328358
5 0.5990168539325843 0.20335820895522388 0.19662921348314608 0.08022388059701492
15 0.42064606741573035 0.2077891791044776 0.22331460674157302 0.05923507462686567
21 0.7935393258426966 0.21058768656716417 0.16713483146067415 0.06669776119402986
27 0.6257022471910112 0.41138059701492535 0.11376404494382023 0.1287313432835821
29 0.43258426966292135 0.4458955223880597 0.13764044943820225 0.061567164179104475
11 0.7615870786516854 0.45009328358208955 0.08356741573033707 0.06063432835820896