27 0.7419241573033708 0.5652985074626866 0.1074438202247191 0.1333955223880597
13 0.3360252808988764 0.5841884328358209 0.11587078651685394 0.12639925373134328
22 0.4571629213483146 0.6009794776119403 0.14747191011235955 0.10587686567164178
11 0.7517556179775281 0.6180037313432836 0.07935393258426966 0.06529850746268656
5 0.6875 0.8311567164179104 0.15168539325842698 0.09981343283582089
18 0.3381320224719101 0.8435167910447762 0.05688202247191011 0.09934701492537314
1 0.557935393258427 0.8775652985074627 0.17626404494382023 0.09561567164179105
19 0.7250702247191011 0.9116138059701493 0.19171348314606743 0.06949626865671642
17 0.3862359550561798 0.9386660447761194 0.23174157303370788 0.09281716417910447
20 0.5210674157303371 0.16068097014925373 0.10955056179775281 0.17583955223880596
27 0.37570224719101125 0.18073694029850745 0.125 0.12639925373134328
3 0.7356039325842697 0.2234141791044776 0.14957865168539325 0.04011194029850746
28 0.5087780898876404 0.4507929104477612 0.21418539325842698 0.08162313432835822
23 0.7313904494382022 0.45615671641791045 0.17064606741573032 0.07929104477611941
14 0.3549859550561798 0.45825559701492535 0.09199438202247191 0.05457089552238806