19 0.7345505617977528 0.5928171641791045 0.10955056179775281 0.06623134328358209
0 0.53125 0.5944496268656716 0.16362359550561797 0.09654850746268656
5 0.5189606741573034 0.8540111940298507 0.175561797752809 0.11194029850746269
7 0.7570224719101124 0.8836287313432836 0.09129213483146068 0.08348880597014925
3 0.3693820224719101 0.8901585820895522 0.1404494382022472 0.07882462686567164
26 0.7763342696629213 0.2115205223880597 0.14536516853932585 0.05643656716417911
12 0.5948033707865169 0.21548507462686567 0.16432584269662923 0.0457089552238806
10 0.37254213483146065 0.2353078358208955 0.11867977528089887 0.012593283582089552
4 0.507373595505618 0.4279384328358209 0.15379213483146068 0.08255597014925373
28 0.37816011235955055 0.4395988805970149 0.13132022471910113 0.07882462686567164
23 0.6186797752808989 0.44822761194029853 0.15589887640449437 0.07649253731343283
9 0.7984550561797753 0.46175373134328357 0.20926966292134833 0.051305970149253734