13 0.3577949438202247 0.5804570895522388 0.08075842696629214 0.10774253731343283
15 0.5452949438202247 0.5979477611940298 0.2324438202247191 0.08675373134328358
10 0.7549157303370787 0.6100746268656716 0.1151685393258427 0.051305970149253734
27 0.5610955056179775 0.8302238805970149 0.10393258426966293 0.13152985074626866
29 0.7011938202247191 0.8638059701492538 0.1776685393258427 0.07835820895522388
27 0.4125702247191011 0.8656716417910447 0.11867977528089887 0.13619402985074627
26 0.6541432584269663 0.21058768656716417 0.12851123595505617 0.06669776119402986
6 0.4297752808988764 0.22131529850746268 0.24157303370786518 0.03871268656716418
19 0.7952949438202247 0.22318097014925373 0.12570224719101122 0.04057835820895522
0 0.7524578651685393 0.4519589552238806 0.17907303370786518 0.0625
16 0.40554775280898875 0.45755597014925375 0.17907303370786518 0.06623134328358209
4 0.579002808988764 0.4603544776119403 0.13553370786516855 0.055970149253731345