15 0.5821629213483146 0.466884328358209 0.29213483146067415 0.061567164179104475
8 0.7282303370786517 0.5895522388059702 0.21348314606741572 0.09421641791044776
23 0.538623595505618 0.605410447761194 0.16292134831460675 0.07929104477611941
24 0.39957865168539325 0.6098414179104478 0.12359550561797752 0.03871268656716418
20 0.6629213483146067 0.8180970149253731 0.08848314606741572 0.16417910447761194
11 0.3574438202247191 0.8689365671641791 0.07162921348314606 0.06809701492537314
27 0.5825140449438202 0.8773320895522388 0.11867977528089887 0.146455223880597
18 0.37640449438202245 0.8913246268656716 0.05898876404494382 0.10820895522388059
7 0.7205056179775281 0.21128731343283583 0.08848314606741572 0.04664179104477612
13 0.38553370786516855 0.417910447761194 0.14185393258426968 0.14925373134328357
28 0.7889747191011236 0.45265858208955223 0.12851123595505617 0.07042910447761194
28 0.6780196629213483 0.45359141791044777 0.07654494382022473 0.044309701492537316