23 0.40554775280898875 0.601445895522388 0.14817415730337077 0.0732276119402985
26 0.5825140449438202 0.6026119402985075 0.14957865168539325 0.07929104477611941
9 0.7608848314606742 0.6124067164179104 0.16643258426966293 0.05690298507462686
15 0.44838483146067415 0.8845615671641791 0.23103932584269662 0.08722014925373134
24 0.7784410112359551 0.8959888059701493 0.15098314606741572 0.05970149253731343
7 0.8009129213483146 0.2077891791044776 0.07935393258426966 0.04710820895522388
12 0.46172752808988765 0.21688432835820895 0.12148876404494383 0.0457089552238806
3 0.6281601123595506 0.23134328358208955 0.12289325842696629 0.022388059701492536
13 0.39922752808988765 0.42257462686567165 0.11165730337078651 0.11007462686567164
28 0.6973314606741573 0.44846082089552236 0.1348314606741573 0.08255597014925373
21 0.5375702247191011 0.4519589552238806 0.15379213483146068 0.0625