18 0.4666432584269663 0.5685634328358209 0.05688202247191011 0.12126865671641791
8 0.7503511235955056 0.6035447761194029 0.20435393258426968 0.09888059701492537
3 0.3728932584269663 0.6245335820895522 0.1404494382022472 0.049440298507462684
25 0.7882724719101124 0.8547108208955224 0.15379213483146068 0.22154850746268656
15 0.5143960674157303 0.875 0.19592696629213482 0.10354477611940298
17 0.4104634831460674 0.9020522388059702 0.20997191011235955 0.07929104477611941
26 0.3707865168539326 0.203125 0.16432584269662923 0.08628731343283583
7 0.5814606741573034 0.2126865671641791 0.0800561797752809 0.04757462686567164
14 0.714185393258427 0.21711753731343283 0.09269662921348315 0.052705223880597014
19 0.797752808988764 0.2224813432835821 0.15308988764044945 0.03544776119402985
5 0.40098314606741575 0.42257462686567165 0.17837078651685392 0.06529850746268656
29 0.5656601123595506 0.44659514925373134 0.14115168539325842 0.06763059701492537
23 0.7503511235955056 0.45592350746268656 0.17485955056179775 0.06669776119402986
28 0.40730337078651685 0.4603544776119403 0.2851123595505618 0.07742537313432836