8 0.45365168539325845 0.5956156716417911 0.16713483146067415 0.08395522388059702
9 0.6351825842696629 0.6047108208955224 0.15519662921348315 0.049906716417910446
4 0.8107443820224719 0.6063432835820896 0.16924157303370788 0.06529850746268656
22 0.6032303370786517 0.8596082089552238 0.13904494382022473 0.11194029850746269
21 0.4371488764044944 0.8861940298507462 0.1622191011235955 0.09048507462686567
28 0.7952949438202247 0.8964552238805971 0.19030898876404495 0.08861940298507463
18 0.4747191011235955 0.19402985074626866 0.07303370786516854 0.09981343283582089
26 0.7780898876404494 0.20988805970149255 0.12219101123595505 0.07182835820895522
29 0.6025280898876404 0.21828358208955223 0.1502808988764045 0.06063432835820896
20 0.4199438202247191 0.3980876865671642 0.08848314606741572 0.1553171641791045
25 0.8370786516853933 0.4088152985074627 0.1699438202247191 0.14319029850746268
13 0.5217696629213483 0.42840485074626866 0.10112359550561797 0.11054104477611941