5 0.6232443820224719 0.554570895522388 0.15379213483146068 0.05223880597014925
26 0.4066011235955056 0.5778917910447762 0.13764044943820225 0.058768656716417914
27 0.7889747191011236 0.5823227611940298 0.1172752808988764 0.13666044776119404
21 0.6400983146067416 0.597481343283582 0.1973314606741573 0.09794776119402986
3 0.4315308988764045 0.6273320895522388 0.14957865168539325 0.055970149253731345
20 0.6716994382022472 0.8199626865671642 0.08497191011235955 0.15858208955223882
20 0.7570224719101124 0.8211287313432836 0.08707865168539326 0.16557835820895522
15 0.40168539325842695 0.8589085820895522 0.18398876404494383 0.11054104477611941
24 0.557935393258427 0.8610074626865671 0.11165730337078651 0.04664179104477612
8 0.7710674157303371 0.929570895522388 0.20646067415730338 0.1259328358208955
23 0.5491573033707865 0.9319029850746269 0.1601123595505618 0.10634328358208955
1 0.36797752808988765 0.9428638059701493 0.18820224719101122 0.09095149253731344
25 0.37219101123595505 0.17630597014925373 0.26264044943820225 0.13526119402985073
22 0.7924859550561798 0.197294776119403 0.13412921348314608 0.08861940298507463
29 0.6520365168539326 0.2140858208955224 0.15519662921348315 0.061567164179104475
6 0.46875 0.21641791044776118 0.20997191011235955 0.05223880597014925
0 0.4044943820224719 0.4470615671641791 0.175561797752809 0.07042910447761194
7 0.7212078651685393 0.454990671641791 0.1502808988764045 0.05830223880597015
14 0.6014747191011236 0.46222014925373134 0.09901685393258428 0.05690298507462686