27 0.7696629213483146 0.5650652985074627 0.11095505617977527 0.13199626865671643
13 0.3549859550561798 0.5816231343283582 0.16502808988764045 0.11007462686567164
26 0.5681179775280899 0.5914179104477612 0.14887640449438203 0.08395522388059702
20 0.6590589887640449 0.8155317164179104 0.09199438202247191 0.1571828358208955
11 0.35674157303370785 0.8694029850746269 0.07162921348314606 0.06716417910447761
18 0.37640449438202245 0.8920242537313433 0.060393258426966294 0.10867537313432836
7 0.6165730337078652 0.9137126865671642 0.13623595505617977 0.08488805970149253
8 0.7222612359550562 0.203125 0.21839887640449437 0.08162313432835822
3 0.5214185393258427 0.2236473880597015 0.13974719101123595 0.03684701492537314
13 0.39957865168539325 0.41721082089552236 0.1601123595505618 0.13199626865671643
21 0.5747893258426966 0.44822761194029853 0.16502808988764045 0.09794776119402986
28 0.7928370786516854 0.4507929104477612 0.13202247191011235 0.06856343283582089
28 0.6846910112359551 0.45475746268656714 0.07303370786516854 0.055970149253731345