21 0.37008426966292135 0.5865205223880597 0.2050561797752809 0.09468283582089553
25 0.6379915730337079 0.5946828358208955 0.26615168539325845 0.09235074626865672
22 0.29389044943820225 0.8703358208955224 0.14115168539325842 0.10820895522388059
3 0.4554073033707865 0.875 0.13412921348314608 0.0625
16 0.6769662921348315 0.8754664179104478 0.20224719101123595 0.10261194029850747
18 0.43679775280898875 0.193330223880597 0.056179775280898875 0.10307835820895522
26 0.28651685393258425 0.20032649253731344 0.1446629213483146 0.08069029850746269
29 0.5438904494382022 0.20942164179104478 0.16643258426966293 0.07555970149253731
1 0.6815308988764045 0.21875 0.14115168539325842 0.061567164179104475
7 0.6646769662921348 0.4409981343283582 0.08497191011235955 0.06296641791044776
24 0.5129915730337079 0.46571828358208955 0.15098314606741572 0.03404850746268657