27 0.7394662921348315 0.5673973880597015 0.11095505617977527 0.13292910447761194
13 0.33883426966292135 0.5832555970149254 0.12429775280898876 0.11893656716417911
21 0.4606741573033708 0.5881529850746269 0.14325842696629212 0.09514925373134328
29 0.6091994382022472 0.6091417910447762 0.15379213483146068 0.07835820895522388
11 0.7510533707865169 0.6177705223880597 0.07935393258426966 0.06669776119402986
5 0.6853932584269663 0.8306902985074627 0.15308988764044945 0.09981343283582089
1 0.5589887640449438 0.8770988805970149 0.17415730337078653 0.09841417910447761
2 0.37816011235955055 0.8871268656716418 0.18328651685393257 0.09701492537313433
6 0.7556179775280899 0.9008861940298507 0.2050561797752809 0.11333955223880597
20 0.5221207865168539 0.15834888059701493 0.10884831460674158 0.177705223880597
27 0.3746488764044944 0.17980410447761194 0.12008426966292135 0.12546641791044777
22 0.675561797752809 0.193330223880597 0.1797752808988764 0.1021455223880597
28 0.516502808988764 0.44822761194029853 0.21558988764044945 0.07649253731343283
23 0.7377106741573034 0.45359141791044777 0.1580056179775281 0.07136194029850747
14 0.3553370786516854 0.45802238805970147 0.09550561797752809 0.05317164179104478