3 0.714185393258427 0.46781716417910446 0.11376404494382023 0.04477611940298507
13 0.4080056179775281 0.5634328358208955 0.16292134831460675 0.1166044776119403
8 0.7605337078651685 0.6021455223880597 0.199438202247191 0.09888059701492537
6 0.5523174157303371 0.6161380597014925 0.21839887640449437 0.07555970149253731
1 0.7844101123595506 0.8747667910447762 0.17696629213483145 0.11800373134328358
17 0.42521067415730335 0.9053171641791045 0.1931179775280899 0.08208955223880597
11 0.636938202247191 0.9155783582089553 0.0898876404494382 0.07462686567164178
23 0.39571629213483145 0.20942164179104478 0.18609550561797752 0.07462686567164178
7 0.5842696629213483 0.21245335820895522 0.08567415730337079 0.05363805970149254
14 0.7089185393258427 0.22108208955223882 0.09058988764044944 0.051305970149253734
19 0.7984550561797753 0.22434701492537312 0.14606741573033707 0.04197761194029851
5 0.40098314606741575 0.4242070895522388 0.17134831460674158 0.05643656716417911
29 0.5656601123595506 0.4447294776119403 0.14115168539325842 0.0732276119402985
28 0.40695224719101125 0.45592350746268656 0.2816011235955056 0.07695895522388059