8 0.7552668539325843 0.6058768656716418 0.2029494382022472 0.09888059701492537
16 0.37605337078651685 0.6107742537313433 0.15941011235955055 0.04897388059701493
17 0.5621488764044944 0.621035447761194 0.2169943820224719 0.04710820895522388
27 0.6622191011235955 0.8575093283582089 0.10112359550561797 0.134794776119403
25 0.7605337078651685 0.8843283582089553 0.17837078651685392 0.20149253731343283
3 0.3479634831460674 0.22271455223880596 0.12851123595505617 0.04151119402985075
19 0.7787921348314607 0.22504664179104478 0.15589887640449437 0.04617537313432836
24 0.5667134831460674 0.23134328358208955 0.1306179775280899 0.027985074626865673
18 0.3574438202247191 0.40928171641791045 0.05898876404494382 0.07602611940298508
26 0.5846207865168539 0.4388992537313433 0.1327247191011236 0.06996268656716417
0 0.7183988764044944 0.45475746268656714 0.14747191011235955 0.07929104477611941
2 0.375 0.46595149253731344 0.19662921348314608 0.051305970149253734