0 0.4006320224719101 0.59375 0.1776685393258427 0.07276119402985075
7 0.6077949438202247 0.5998134328358209 0.12008426966292135 0.06529850746268656
10 0.7429775280898876 0.6217350746268657 0.125 0.051305970149253734
9 0.7278792134831461 0.8964552238805971 0.2830056179775281 0.07649253731343283
4 0.4041432584269663 0.9111473880597015 0.1523876404494382 0.09188432835820895
27 0.785814606741573 0.17374067164179105 0.11938202247191011 0.134794776119403
29 0.3886938202247191 0.2068563432835821 0.16081460674157302 0.07042910447761194
12 0.5958567415730337 0.2175839552238806 0.16081460674157302 0.05083955223880597
23 0.7507022471910112 0.44402985074626866 0.1404494382022472 0.07835820895522388
28 0.5923455056179775 0.4456623134328358 0.19171348314606743 0.0853544776119403
26 0.4164325842696629 0.44986007462686567 0.1306179775280899 0.06949626865671642