13 0.40554775280898875 0.5552705223880597 0.15379213483146068 0.1226679104477612
26 0.3539325842696629 0.6002798507462687 0.1348314606741573 0.0914179104477612
8 0.7535112359550562 0.6035447761194029 0.199438202247191 0.09701492537313433
6 0.5526685393258427 0.6128731343283582 0.2205056179775281 0.07369402985074627
1 0.7889747191011236 0.8747667910447762 0.16362359550561797 0.12733208955223882
17 0.40905898876404495 0.902518656716418 0.17485955056179775 0.0830223880597015
11 0.6344803370786517 0.917910447761194 0.08075842696629214 0.07929104477611941
5 0.38342696629213485 0.1970615671641791 0.199438202247191 0.09281716417910447
7 0.5909410112359551 0.21105410447761194 0.11025280898876405 0.05083955223880597
24 0.7798455056179775 0.2283115671641791 0.13412921348314608 0.024720149253731342
29 0.5565308988764045 0.4458955223880597 0.15379213483146068 0.07555970149253731
14 0.6688904494382022 0.4496268656716418 0.10182584269662921 0.05037313432835821
19 0.7054073033707865 0.458955223880597 0.2675561797752809 0.06063432835820896
2 0.37640449438202245 0.4612873134328358 0.18117977528089887 0.058768656716417914