21 0.398876404494382 0.5916511194029851 0.13342696629213482 0.07509328358208955
28 0.7587780898876404 0.5956156716417911 0.16502808988764045 0.0914179104477612
7 0.5800561797752809 0.5960820895522388 0.1348314606741573 0.061567164179104475
4 0.3553370786516854 0.8619402985074627 0.1151685393258427 0.125
2 0.5997191011235955 0.8766324626865671 0.2710674157303371 0.08628731343283583
25 0.3634129213483146 0.16627798507462688 0.14536516853932585 0.1599813432835821
29 0.6555477528089888 0.2019589552238806 0.16643258426966293 0.08115671641791045
23 0.4936797752808989 0.21198694029850745 0.14185393258426968 0.0648320895522388
11 0.7981039325842697 0.21571828358208955 0.09058988764044944 0.06669776119402986
18 0.7928370786516854 0.43330223880597013 0.06882022471910113 0.11287313432835822
1 0.663623595505618 0.443330223880597 0.1952247191011236 0.06203358208955224
12 0.6306179775280899 0.4610541044776119 0.14747191011235955 0.052705223880597014