7 0.5846207865168539 0.5981809701492538 0.08356741573033707 0.04897388059701493
12 0.7531601123595506 0.5991138059701493 0.10884831460674158 0.05830223880597015
10 0.39396067415730335 0.617070895522388 0.11938202247191011 0.049440298507462684
18 0.5691713483146067 0.8323227611940298 0.06530898876404495 0.10494402985074627
9 0.4234550561797753 0.8752332089552238 0.18820224719101122 0.1021455223880597
1 0.7310393258426966 0.8901585820895522 0.16151685393258428 0.09841417910447761
20 0.7921348314606742 0.15625 0.10533707865168539 0.1791044776119403
11 0.4006320224719101 0.21175373134328357 0.0976123595505618 0.06343283582089553
23 0.5797050561797753 0.21431902985074627 0.17485955056179775 0.060167910447761194
27 0.7240168539325843 0.42117537313432835 0.10814606741573034 0.13712686567164178
21 0.5948033707865169 0.4377332089552239 0.14887640449438203 0.07975746268656717
29 0.43644662921348315 0.4470615671641791 0.1973314606741573 0.08348880597014925