27 0.7492977528089888 0.5687966417910447 0.12640449438202248 0.12453358208955224
13 0.3374297752808989 0.5825559701492538 0.12991573033707865 0.10541044776119403
7 0.5639044943820225 0.5958488805970149 0.08707865168539326 0.06296641791044776
20 0.6400983146067416 0.816231343283582 0.09901685393258428 0.15858208955223882
18 0.33146067415730335 0.8432835820895522 0.06460674157303371 0.10914179104477612
23 0.36446629213483145 0.9223414179104478 0.15589887640449437 0.13199626865671643
0 0.6186797752808989 0.9230410447761194 0.17275280898876405 0.08488805970149253
13 0.3339185393258427 0.17140858208955223 0.16081460674157302 0.134794776119403
29 0.730688202247191 0.21455223880597016 0.19592696629213482 0.06529850746268656
5 0.7366573033707865 0.4468283582089552 0.14185393258426968 0.08208955223880597
1 0.3946629213483146 0.44822761194029853 0.21067415730337077 0.07649253731343283
26 0.5740870786516854 0.44869402985074625 0.13974719101123595 0.07462686567164178