23 0.5122893258426966 0.5902518656716418 0.24508426966292135 0.06203358208955224
11 0.3514747191011236 0.6058768656716418 0.07654494382022473 0.06343283582089553
6 0.7412219101123596 0.6196361940298507 0.23103932584269662 0.06389925373134328
20 0.6207865168539326 0.8173973880597015 0.08848314606741572 0.1515858208955224
20 0.6320224719101124 0.8446828358208955 0.09410112359550561 0.15951492537313433
26 0.48560393258426965 0.8677705223880597 0.15941011235955055 0.09561567164179105
19 0.35463483146067415 0.8822294776119403 0.11938202247191011 0.08069029850746269
27 0.3806179775280899 0.17537313432835822 0.10393258426966293 0.13246268656716417
13 0.793188202247191 0.18889925373134328 0.11446629213483146 0.11194029850746269
29 0.5354634831460674 0.21455223880597016 0.17485955056179775 0.06063432835820896
25 0.413623595505618 0.4458955223880597 0.2752808988764045 0.08488805970149253
2 0.6906601123595506 0.46198694029850745 0.1931179775280899 0.05083955223880597