18 0.46769662921348315 0.5694962686567164 0.05898876404494382 0.11940298507462686
8 0.7524578651685393 0.6023787313432836 0.20435393258426968 0.09654850746268656
3 0.36622191011235955 0.6238339552238806 0.12429775280898876 0.04897388059701493
16 0.7180477528089888 0.8913246268656716 0.1720505617977528 0.09794776119402986
17 0.40695224719101125 0.9076492537313433 0.17485955056179775 0.08395522388059702
26 0.3830758426966292 0.20079291044776118 0.14676966292134833 0.0853544776119403
7 0.5821629213483146 0.212919776119403 0.08567415730337079 0.05457089552238806
14 0.7159410112359551 0.21478544776119404 0.10463483146067416 0.0480410447761194
19 0.795997191011236 0.2234141791044776 0.15098314606741572 0.04664179104477612
5 0.40308988764044945 0.41721082089552236 0.14606741573033707 0.0480410447761194
29 0.5649578651685393 0.44426305970149255 0.1425561797752809 0.07695895522388059
23 0.7471910112359551 0.4568563432835821 0.16292134831460675 0.07136194029850747
28 0.39957865168539325 0.4605876865671642 0.2907303370786517 0.06389925373134328