24 0.5424859550561798 0.4722481343283582 0.15098314606741572 0.03404850746268657
22 0.37429775280898875 0.5893190298507462 0.13623595505617977 0.09468283582089553
8 0.757373595505618 0.6065764925373134 0.1973314606741573 0.09095149253731344
3 0.5484550561797753 0.6245335820895522 0.12078651685393259 0.05223880597014925
6 0.3792134831460674 0.882929104477612 0.175561797752809 0.12126865671641791
19 0.5182584269662921 0.8845615671641791 0.15870786516853932 0.08069029850746269
27 0.8061797752808989 0.17537313432835822 0.12078651685393259 0.1417910447761194
26 0.648876404494382 0.20265858208955223 0.14887640449438203 0.0853544776119403
1 0.3950140449438202 0.21711753731343283 0.21839887640449437 0.06203358208955224
18 0.7127808988764045 0.43656716417910446 0.06601123595505617 0.11287313432835822
5 0.39712078651685395 0.43913246268656714 0.17485955056179775 0.08722014925373134
14 0.7082162921348315 0.45359141791044777 0.09901685393258428 0.04897388059701493
11 0.7928370786516854 0.45988805970149255 0.08286516853932584 0.06902985074626866