27 0.5112359550561798 0.5760261194029851 0.12219101123595505 0.13246268656716417
21 0.5403792134831461 0.8675373134328358 0.14396067415730338 0.11007462686567164
22 0.6871488764044944 0.867304104477612 0.14676966292134833 0.12453358208955224
0 0.7956460674157303 0.8796641791044776 0.1151685393258427 0.11753731343283583
19 0.36235955056179775 0.8812966417910447 0.14747191011235955 0.08722014925373134
15 0.4041432584269663 0.20615671641791045 0.25912921348314605 0.06809701492537314
1 0.7587780898876404 0.21455223880597016 0.18047752808988765 0.05503731343283582
11 0.6211376404494382 0.21455223880597016 0.08497191011235955 0.06529850746268656
25 0.5786516853932584 0.44799440298507465 0.2794943820224719 0.10401119402985075
29 0.37780898876404495 0.45032649253731344 0.1502808988764045 0.06296641791044776
23 0.7598314606741573 0.4556902985074627 0.15589887640449437 0.07276119402985075