16 0.4631320224719101 0.46781716417910446 0.17626404494382023 0.0625
23 0.5080758426966292 0.5965485074626866 0.2422752808988764 0.0960820895522388
11 0.3493679775280899 0.6077425373134329 0.08356741573033707 0.07742537313432836
6 0.7408707865168539 0.6203358208955224 0.2345505617977528 0.06529850746268656
20 0.6137640449438202 0.8257929104477612 0.09410112359550561 0.16930970149253732
20 0.6228932584269663 0.8439832089552238 0.09129213483146068 0.16371268656716417
26 0.48490168539325845 0.8687033582089553 0.14396067415730338 0.09001865671641791
19 0.34831460674157305 0.8784981343283582 0.1151685393258427 0.08722014925373134
27 0.3865870786516854 0.17000932835820895 0.11306179775280899 0.13852611940298507
13 0.7847612359550562 0.19006529850746268 0.11165730337078651 0.09468283582089553
29 0.5340589887640449 0.2138526119402985 0.1678370786516854 0.06389925373134328
2 0.6878511235955056 0.4615205223880597 0.18609550561797752 0.04897388059701493