13 0.6306179775280899 0.5638992537313433 0.125 0.11007462686567164
15 0.785814606741573 0.5993470149253731 0.175561797752809 0.08861940298507463
4 0.4396067415730337 0.6002798507462687 0.1446629213483146 0.0625
22 0.6046348314606742 0.8666044776119403 0.13623595505617977 0.11847014925373134
8 0.43258426966292135 0.8708022388059702 0.175561797752809 0.09794776119402986
28 0.8033707865168539 0.8959888059701493 0.17275280898876405 0.09048507462686567
20 0.4101123595505618 0.16301305970149255 0.09831460674157304 0.13292910447761194
21 0.5688202247191011 0.20755597014925373 0.16151685393258428 0.06623134328358209
12 0.4006320224719101 0.21548507462686567 0.11165730337078651 0.04664179104477612
24 0.7633426966292135 0.22994402985074627 0.14606741573033707 0.028917910447761194
7 0.45575842696629215 0.4468283582089552 0.12640449438202248 0.05223880597014925
0 0.8223314606741573 0.44846082089552236 0.12219101123595505 0.07882462686567164
16 0.6471207865168539 0.45988805970149255 0.16924157303370788 0.05037313432835821