17 0.38974719101123595 0.47574626865671643 0.199438202247191 0.03731343283582089
8 0.7531601123595506 0.601679104477612 0.2029494382022472 0.09794776119402986
16 0.5224719101123596 0.6086753731343284 0.1699438202247191 0.055970149253731345
20 0.382373595505618 0.8145988805970149 0.09620786516853932 0.1525186567164179
20 0.48560393258426965 0.8257929104477612 0.09620786516853932 0.17024253731343283
21 0.7457865168539326 0.8640391791044776 0.13904494382022473 0.11800373134328358
15 0.6151685393258427 0.875 0.1797752808988764 0.125
3 0.3985252808988764 0.9055503731343284 0.11587078651685394 0.06669776119402986
19 0.3904494382022472 0.22644589552238806 0.15589887640449437 0.034981343283582086
27 0.4476825842696629 0.4162779850746269 0.11306179775280899 0.13852611940298507
25 0.7696629213483146 0.42234141791044777 0.18679775280898878 0.14225746268656717
26 0.6471207865168539 0.449160447761194 0.14817415730337077 0.09328358208955224