6 0.6260533707865169 0.472714552238806 0.1271067415730337 0.03591417910447761
13 0.4336376404494382 0.5396455223880597 0.13974719101123595 0.06343283582089553
5 0.5832162921348315 0.5673973880597015 0.15379213483146068 0.06389925373134328
11 0.7714185393258427 0.5799906716417911 0.07654494382022473 0.03591417910447761
8 0.648876404494382 0.605643656716418 0.24719101123595505 0.09095149253731344
21 0.4195926966292135 0.6068097014925373 0.22823033707865167 0.0914179104477612
14 0.8233848314606742 0.6240671641791045 0.11306179775280899 0.06063432835820896
20 0.7542134831460674 0.8262593283582089 0.09550561797752809 0.1478544776119403
23 0.40098314606741575 0.8498134328358209 0.1348314606741573 0.08675373134328358
20 0.805126404494382 0.8512126865671642 0.10603932584269662 0.17257462686567165
17 0.5530196629213483 0.8537779850746269 0.13974719101123595 0.05830223880597015
27 0.6713483146067416 0.8656716417910447 0.10955056179775281 0.13619402985074627
1 0.7759831460674157 0.9186100746268657 0.19382022471910113 0.12173507462686567
16 0.5252808988764045 0.9225746268656716 0.16432584269662923 0.13619402985074627
19 0.3616573033707865 0.9316697761194029 0.1502808988764045 0.09095149253731344
25 0.34094101123595505 0.15811567164179105 0.17485955056179775 0.17817164179104478
27 0.7756320224719101 0.17630597014925373 0.09480337078651685 0.125
22 0.6688904494382022 0.17957089552238806 0.11165730337078651 0.04664179104477612
18 0.8307584269662921 0.1865671641791045 0.06741573033707865 0.11194029850746269
28 0.6618679775280899 0.20569029850746268 0.26053370786516855 0.06996268656716417
29 0.4820926966292135 0.21805037313432835 0.14817415730337077 0.05363805970149254
15 0.7910814606741573 0.4146455223880597 0.15660112359550563 0.14832089552238806
26 0.5705758426966292 0.435634328358209 0.1327247191011236 0.07276119402985075
0 0.40625 0.44193097014925375 0.16924157303370788 0.060167910447761194
7 0.4199438202247191 0.45405783582089554 0.13904494382022473 0.06110074626865672
6 0.7471910112359551 0.45988805970149255 0.12359550561797752 0.06529850746268656