15 0.7296348314606742 0.46781716417910446 0.30758426966292135 0.06063432835820896
22 0.7085674157303371 0.5750932835820896 0.14325842696629212 0.08395522388059702
2 0.37605337078651685 0.6100746268656716 0.13412921348314608 0.048507462686567165
24 0.577247191011236 0.6282649253731343 0.16713483146067415 0.055970149253731345
29 0.4041432584269663 0.8850279850746269 0.15379213483146068 0.10027985074626866
8 0.7489466292134831 0.8861940298507462 0.1973314606741573 0.1166044776119403
7 0.5723314606741573 0.886893656716418 0.10112359550561797 0.08255597014925373
5 0.7591292134831461 0.20522388059701493 0.17415730337078653 0.06809701492537314
25 0.6077949438202247 0.20592350746268656 0.3082865168539326 0.06856343283582089
3 0.3728932584269663 0.2224813432835821 0.14606741573033707 0.04664179104477612
26 0.5059691011235955 0.44239738805970147 0.15519662921348315 0.08162313432835822
21 0.3613061797752809 0.447294776119403 0.1678370786516854 0.08395522388059702