22 0.5607443820224719 0.46711753731343286 0.08637640449438203 0.052705223880597014
13 0.4104634831460674 0.5648320895522388 0.1622191011235955 0.1287313432835821
26 0.3609550561797753 0.6021455223880597 0.1446629213483146 0.09794776119402986
8 0.7636938202247191 0.6070429104477612 0.19592696629213482 0.0853544776119403
6 0.5523174157303371 0.613106343283582 0.21839887640449437 0.06763059701492537
1 0.7882724719101124 0.8740671641791045 0.17485955056179775 0.12313432835820895
17 0.40730337078651685 0.9039179104477612 0.1896067415730337 0.0830223880597015
11 0.6330758426966292 0.9183768656716418 0.08637640449438203 0.07742537313432836
18 0.6534410112359551 0.1828358208955224 0.07092696629213484 0.11473880597014925
5 0.3844803370786517 0.19799440298507462 0.21137640449438203 0.07602611940298508
7 0.5969101123595506 0.21455223880597016 0.10814606741573034 0.051305970149253734
3 0.7598314606741573 0.22737873134328357 0.13764044943820225 0.029384328358208957
29 0.5544241573033708 0.4456623134328358 0.14536516853932585 0.06763059701492537
28 0.7205056179775281 0.4587220149253731 0.24157303370786518 0.07416044776119403
2 0.37780898876404495 0.46222014925373134 0.19241573033707865 0.054104477611940295