3 0.3844803370786517 0.4685167910447761 0.11165730337078651 0.045242537313432835
24 0.7735252808988764 0.47154850746268656 0.1425561797752809 0.04477611940298507
22 0.7061095505617978 0.5750932835820896 0.13412921348314608 0.07462686567164178
21 0.5530196629213483 0.5988805970149254 0.1818820224719101 0.10074626865671642
2 0.3827247191011236 0.6114738805970149 0.1544943820224719 0.06716417910447761
29 0.40379213483146065 0.8817630597014925 0.15730337078651685 0.10027985074626866
8 0.75 0.8889925373134329 0.199438202247191 0.12220149253731344
26 0.7907303370786517 0.2091884328358209 0.16573033707865167 0.07789179104477612
7 0.5874297752808989 0.2126865671641791 0.09620786516853932 0.05223880597014925
15 0.39957865168539325 0.212919776119403 0.25842696629213485 0.06576492537313433
28 0.5228230337078652 0.458955223880597 0.22823033707865167 0.08395522388059702