13 0.47577247191011235 0.5601679104477612 0.11165730337078651 0.1259328358208955
1 0.36657303370786515 0.6072761194029851 0.15870786516853932 0.08582089552238806
6 0.7717696629213483 0.6198694029850746 0.1797752808988764 0.0708955223880597
26 0.5021067415730337 0.8647388059701493 0.16432584269662923 0.09421641791044776
19 0.351123595505618 0.8808302238805971 0.12219101123595505 0.07882462686567164
2 0.7524578651685393 0.8847947761194029 0.2071629213483146 0.09514925373134328
13 0.8135533707865169 0.1912313432835821 0.12429775280898876 0.10354477611940298
15 0.4139747191011236 0.21525186567164178 0.25070224719101125 0.05457089552238806
20 0.5919943820224719 0.39552238805970147 0.10112359550561797 0.14925373134328357
25 0.4143258426966292 0.4430970149253731 0.2345505617977528 0.08395522388059702
29 0.5709269662921348 0.46222014925373134 0.19241573033707865 0.0708955223880597
16 0.7528089887640449 0.4626865671641791 0.19241573033707865 0.05690298507462686