3 0.37008426966292135 0.4673507462686567 0.1544943820224719 0.05317164179104478
25 0.36797752808988765 0.5718283582089553 0.16713483146067415 0.14832089552238806
19 0.7092696629213483 0.6019123134328358 0.12780898876404495 0.06763059701492537
15 0.5740870786516854 0.6040111940298507 0.20435393258426968 0.08395522388059702
21 0.5754915730337079 0.8486473880597015 0.18890449438202248 0.09934701492537314
22 0.7327949438202247 0.8791977611940298 0.14676966292134833 0.1259328358208955
1 0.41467696629213485 0.894589552238806 0.17345505617977527 0.08861940298507463
27 0.37008426966292135 0.17747201492537312 0.10814606741573034 0.12826492537313433
26 0.7636938202247191 0.21012126865671643 0.14676966292134833 0.06763059701492537
18 0.7538623595505618 0.42863805970149255 0.0625 0.10820895522388059
29 0.6109550561797753 0.449160447761194 0.14325842696629212 0.06529850746268656
14 0.42064606741573035 0.44986007462686567 0.11797752808988764 0.05643656716417911