2 0.567064606741573 0.6028451492537313 0.14817415730337077 0.06763059701492537
29 0.41081460674157305 0.6075093283582089 0.1446629213483146 0.06576492537313433
9 0.7661516853932584 0.6089085820895522 0.17134831460674158 0.06763059701492537
8 0.44417134831460675 0.871268656716418 0.20435393258426968 0.11380597014925373
20 0.3908005617977528 0.16954291044776118 0.08356741573033707 0.1599813432835821
23 0.47542134831460675 0.21105410447761194 0.1952247191011236 0.06763059701492537
12 0.7268258426966292 0.22551305970149255 0.1502808988764045 0.045242537313432835
13 0.7398174157303371 0.42257462686567165 0.13412921348314608 0.10354477611940298
11 0.5488061797752809 0.44449626865671643 0.07514044943820225 0.06063432835820896
3 0.4157303370786517 0.4554570895522388 0.14185393258426968 0.04057835820895522
19 0.7064606741573034 0.462919776119403 0.1853932584269663 0.044309701492537316