15 0.6523876404494382 0.5566697761194029 0.23735955056179775 0.07975746268656717
21 0.3065308988764045 0.5876865671641791 0.15098314606741572 0.08582089552238806
25 0.6271067415730337 0.5930503731343284 0.2598314606741573 0.0853544776119403
22 0.2988061797752809 0.871035447761194 0.14536516853932585 0.10680970149253731
3 0.46207865168539325 0.8801305970149254 0.1306179775280899 0.06529850746268656
18 0.44066011235955055 0.1921641791044776 0.06390449438202248 0.09514925373134328
26 0.2872191011235955 0.203125 0.16292134831460675 0.0732276119402985
29 0.5463483146067416 0.208955223880597 0.16432584269662923 0.07462686567164178
1 0.6745084269662921 0.21828358208955223 0.12148876404494383 0.05970149253731343
5 0.6924157303370787 0.4505597014925373 0.19803370786516855 0.10541044776119403
24 0.4866573033707865 0.45755597014925375 0.12780898876404495 0.036380597014925374