2 0.7387640449438202 0.4664179104477612 0.22752808988764045 0.05317164179104478
27 0.7401685393258427 0.5680970149253731 0.10393258426966293 0.13526119402985073
13 0.33075842696629215 0.5848880597014925 0.12078651685393259 0.1166044776119403
22 0.45365168539325845 0.5993470149253731 0.14887640449438203 0.09981343283582089
1 0.6288623595505618 0.6098414179104478 0.19452247191011235 0.08255597014925373
11 0.7507022471910112 0.6177705223880597 0.07865168539325842 0.06669776119402986
5 0.6850421348314607 0.8299906716417911 0.15098314606741572 0.09748134328358209
18 0.3374297752808989 0.8430503731343284 0.05688202247191011 0.09934701492537314
3 0.5481039325842697 0.8887593283582089 0.13974719101123595 0.07882462686567164
19 0.7169943820224719 0.9055503731343284 0.20646067415730338 0.08255597014925373
17 0.38588483146067415 0.9365671641791045 0.2324438202247191 0.09514925373134328
24 0.6485252808988764 0.9645522388059702 0.16362359550561797 0.06436567164179105
20 0.5133426966292135 0.1623134328358209 0.11095505617977527 0.19029850746268656
27 0.37605337078651685 0.17980410447761194 0.12148876404494383 0.12639925373134328
23 0.6906601123595506 0.21711753731343283 0.1622191011235955 0.06296641791044776
28 0.5115870786516854 0.44892723880597013 0.21980337078651685 0.08722014925373134
14 0.35287921348314605 0.45825559701492535 0.09620786516853932 0.05363805970149254