3 0.7169943820224719 0.4675839552238806 0.13202247191011235 0.04337686567164179
13 0.41292134831460675 0.5576026119402985 0.15870786516853932 0.12733208955223882
8 0.7559691011235955 0.6019123134328358 0.20856741573033707 0.09095149253731344
6 0.5523174157303371 0.6103078358208955 0.21839887640449437 0.07789179104477612
1 0.7903792134831461 0.8796641791044776 0.17485955056179775 0.12406716417910447
17 0.4044943820224719 0.9020522388059702 0.1797752808988764 0.08208955223880597
11 0.6337780898876404 0.9160447761194029 0.0877808988764045 0.08861940298507463
18 0.6713483146067416 0.18213619402985073 0.07865168539325842 0.11240671641791045
7 0.586376404494382 0.2140858208955224 0.10112359550561797 0.04757462686567164
25 0.40379213483146065 0.40951492537313433 0.2542134831460674 0.15858208955223882
29 0.5663623595505618 0.447294776119403 0.13132022471910113 0.07555970149253731