17 0.738061797752809 0.4699160447761194 0.20084269662921347 0.039645522388059705
7 0.5400280898876404 0.5970149253731343 0.14185393258426968 0.06529850746268656
8 0.7556179775280899 0.601679104477612 0.20084269662921347 0.09328358208955224
20 0.37780898876404495 0.8111007462686567 0.10112359550561797 0.1501865671641791
20 0.4859550561797753 0.8255597014925373 0.10674157303370786 0.16324626865671643
3 0.40379213483146065 0.9032182835820896 0.11938202247191011 0.06669776119402986
25 0.6952247191011236 0.9214085820895522 0.38342696629213485 0.14692164179104478
15 0.7991573033707865 0.2021921641791045 0.21067415730337077 0.08442164179104478
19 0.39150280898876405 0.22807835820895522 0.15941011235955055 0.04291044776119403
27 0.44241573033707865 0.410214552238806 0.10252808988764045 0.14039179104477612
21 0.3493679775280899 0.44822761194029853 0.13974719101123595 0.0914179104477612
26 0.5270365168539326 0.453125 0.14676966292134833 0.08722014925373134