27 0.7492977528089888 0.5643656716417911 0.10533707865168539 0.1333955223880597
13 0.33707865168539325 0.5809235074626866 0.12219101123595505 0.11707089552238806
25 0.5221207865168539 0.6021455223880597 0.30969101123595505 0.09888059701492537
20 0.6400983146067416 0.816464552238806 0.09199438202247191 0.1609141791044776
11 0.3381320224719101 0.8696361940298507 0.0723314606741573 0.06763059701492537
18 0.35884831460674155 0.8915578358208955 0.05898876404494382 0.10960820895522388
7 0.598314606741573 0.9125466417910447 0.13202247191011235 0.09001865671641791
13 0.33848314606741575 0.17374067164179105 0.15589887640449437 0.14598880597014927
5 0.4936797752808989 0.20289179104477612 0.1952247191011236 0.07742537313432836
0 0.6158707865168539 0.21198694029850745 0.2794943820224719 0.06949626865671642
29 0.7840589887640449 0.2199160447761194 0.0976123595505618 0.052705223880597014
26 0.38764044943820225 0.44822761194029853 0.14185393258426968 0.07555970149253731
19 0.6973314606741573 0.45592350746268656 0.20084269662921347 0.04617537313432836
6 0.5435393258426966 0.4608208955223881 0.1952247191011236 0.06996268656716417