7 0.5277387640449438 0.5993470149253731 0.14396067415730338 0.0625
12 0.7292837078651685 0.6000466417910447 0.13132022471910113 0.05923507462686567
20 0.37359550561797755 0.6002798507462687 0.1151685393258427 0.09328358208955224
25 0.6794241573033708 0.804570895522388 0.24508426966292135 0.11473880597014925
23 0.37008426966292135 0.894589552238806 0.1348314606741573 0.08675373134328358
2 0.7422752808988764 0.8997201492537313 0.2205056179775281 0.11007462686567164
24 0.5614466292134831 0.9085820895522388 0.16081460674157302 0.06716417910447761
29 0.6077949438202247 0.21338619402985073 0.16081460674157302 0.060167910447761194
6 0.43890449438202245 0.2259794776119403 0.2401685393258427 0.03311567164179104
27 0.7071629213483146 0.443330223880597 0.20646067415730338 0.07975746268656717
3 0.444873595505618 0.4591884328358209 0.13974719101123595 0.05457089552238806