8 0.5930477528089888 0.5865205223880597 0.1818820224719101 0.10401119402985075
16 0.7717696629213483 0.6061100746268657 0.20084269662921347 0.06669776119402986
9 0.4041432584269663 0.6063432835820896 0.18328651685393257 0.06436567164179105
23 0.5730337078651685 0.886660447761194 0.1348314606741573 0.07276119402985075
24 0.7275280898876404 0.8922574626865671 0.1544943820224719 0.07649253731343283
2 0.4002808988764045 0.8973880597014925 0.18117977528089887 0.10261194029850747
27 0.7823033707865169 0.1756063432835821 0.11938202247191011 0.1357276119402985
25 0.40870786516853935 0.20825559701492538 0.27247191011235955 0.07416044776119403
0 0.6418539325842697 0.21175373134328357 0.19241573033707865 0.06063432835820896
26 0.37991573033707865 0.4517257462686567 0.12921348314606743 0.07416044776119403
12 0.5656601123595506 0.4545242537313433 0.12851123595505617 0.06203358208955224
6 0.7412219101123596 0.4605876865671642 0.16081460674157302 0.057369402985074626