2 0.5726825842696629 0.47201492537313433 0.2169943820224719 0.051305970149253734
13 0.5765449438202247 0.5890858208955224 0.16292134831460675 0.11194029850746269
29 0.7278792134831461 0.5916511194029851 0.1425561797752809 0.0732276119402985
25 0.3967696629213483 0.6075093283582089 0.2598314606741573 0.0732276119402985
7 0.702247191011236 0.8875932835820896 0.11797752808988764 0.0708955223880597
24 0.42837078651685395 0.8903917910447762 0.12640449438202248 0.058768656716417914
27 0.3377808988764045 0.17537313432835822 0.12219101123595505 0.13619402985074627
27 0.5898876404494382 0.18120335820895522 0.1151685393258427 0.12080223880597014
6 0.6313202247191011 0.21012126865671643 0.29775280898876405 0.06669776119402986
0 0.45224719101123595 0.21595149253731344 0.14887640449438203 0.06063432835820896
11 0.7777387640449438 0.21688432835820895 0.08216292134831461 0.05317164179104478
21 0.699438202247191 0.4361007462686567 0.20084269662921347 0.08022388059701492
8 0.35674157303370785 0.4496268656716418 0.1896067415730337 0.08675373134328358