13 0.6348314606741573 0.5611007462686567 0.10814606741573034 0.10261194029850747
15 0.7917837078651685 0.5991138059701493 0.18328651685393257 0.08255597014925373
29 0.5410814606741573 0.609375 0.14115168539325842 0.05923507462686567
22 0.6053370786516854 0.863339552238806 0.14185393258426968 0.11940298507462686
8 0.42907303370786515 0.8726679104477612 0.17415730337078653 0.1044776119402985
28 0.7995084269662921 0.8941231343283582 0.17907303370786518 0.09328358208955224
26 0.7801966292134831 0.20965485074626866 0.1348314606741573 0.07136194029850747
4 0.6053370786516854 0.21455223880597016 0.15308988764044945 0.05317164179104478
6 0.4160814606741573 0.22784514925373134 0.20435393258426968 0.045242537313432835
20 0.4241573033707865 0.3941231343283582 0.09269662921348315 0.13805970149253732
7 0.4511938202247191 0.45009328358208955 0.14817415730337077 0.051305970149253734
0 0.8258426966292135 0.45219216417910446 0.12921348314606743 0.07789179104477612