27 0.7514044943820225 0.5650652985074627 0.11095505617977527 0.13292910447761194
13 0.3339185393258427 0.5865205223880597 0.1327247191011236 0.1226679104477612
25 0.5284410112359551 0.6023787313432836 0.31530898876404495 0.10587686567164178
20 0.644311797752809 0.8166977611940298 0.0976123595505618 0.15951492537313433
18 0.32935393258426965 0.8428171641791045 0.054775280898876406 0.09794776119402986
7 0.6042837078651685 0.9134794776119403 0.14957865168539325 0.09001865671641791
13 0.3279494382022472 0.16487873134328357 0.18117977528089887 0.14412313432835822
5 0.49332865168539325 0.20289179104477612 0.20154494382022473 0.07555970149253731
0 0.6169241573033708 0.21175373134328357 0.2773876404494382 0.06623134328358209
29 0.7847612359550562 0.22014925373134328 0.09199438202247191 0.05037313432835821
26 0.38764044943820225 0.45149253731343286 0.1348314606741573 0.08395522388059702
19 0.6980337078651685 0.4556902985074627 0.20224719101123595 0.04477611940298507
6 0.5407303370786517 0.45825559701492535 0.19803370786516855 0.06669776119402986