1 0.42661516853932585 0.5928171641791045 0.1818820224719101 0.10074626865671642
8 0.7507022471910112 0.6028451492537313 0.20786516853932585 0.09561567164179105
29 0.5582865168539326 0.6077425373134329 0.1502808988764045 0.08861940298507463
23 0.48490168539325845 0.8640391791044776 0.14536516853932585 0.06669776119402986
5 0.3637640449438202 0.8992537313432836 0.17275280898876405 0.10727611940298508
25 0.37605337078651685 0.18423507462686567 0.25912921348314605 0.12126865671641791
14 0.6931179775280899 0.21571828358208955 0.10674157303370786 0.05550373134328358
19 0.7966994382022472 0.22271455223880596 0.14115168539325842 0.04151119402985075
24 0.5726825842696629 0.22807835820895522 0.1327247191011236 0.030783582089552237
18 0.3549859550561798 0.41907649253731344 0.0625 0.1021455223880597
26 0.5811095505617978 0.44286380597014924 0.13974719101123595 0.08069029850746269
0 0.7191011235955056 0.45405783582089554 0.14887640449438203 0.07602611940298508
7 0.40905898876404495 0.45475746268656714 0.12570224719101122 0.055970149253731345