5 0.6211376404494382 0.5599347014925373 0.15379213483146068 0.05363805970149254
26 0.40168539325842695 0.5774253731343284 0.15589887640449437 0.06996268656716417
27 0.7882724719101124 0.5839552238805971 0.11306179775280899 0.14272388059701493
21 0.6379915730337079 0.5986473880597015 0.20154494382022473 0.09095149253731344
3 0.4353932584269663 0.6273320895522388 0.14747191011235955 0.055970149253731345
20 0.7605337078651685 0.8211287313432836 0.08707865168539326 0.1609141791044776
20 0.6769662921348315 0.8211287313432836 0.09550561797752809 0.16557835820895522
24 0.5656601123595506 0.8607742537313433 0.11867977528089887 0.049906716417910446
8 0.7749297752808989 0.925839552238806 0.20575842696629212 0.12779850746268656
23 0.5449438202247191 0.9263059701492538 0.1699438202247191 0.11473880597014925
1 0.367626404494382 0.9437966417910447 0.18328651685393257 0.09281716417910447
25 0.37394662921348315 0.1814365671641791 0.24508426966292135 0.11753731343283583
22 0.7963483146067416 0.20009328358208955 0.1306179775280899 0.08955223880597014
6 0.46945224719101125 0.2140858208955224 0.21839887640449437 0.05503731343283582
29 0.6527387640449438 0.2140858208955224 0.1580056179775281 0.0625
13 0.6429073033707865 0.42700559701492535 0.16081460674157302 0.09934701492537314
0 0.39571629213483145 0.43680037313432835 0.1523876404494382 0.05643656716417911
14 0.526685393258427 0.4545242537313433 0.09410112359550561 0.05363805970149254
7 0.42240168539325845 0.4566231343283582 0.13553370786516855 0.05690298507462686