12 0.7531601123595506 0.59375 0.10884831460674158 0.05317164179104478
7 0.5846207865168539 0.5991138059701493 0.09058988764044944 0.0480410447761194
10 0.39185393258426965 0.6156716417910447 0.10814606741573034 0.05317164179104478
18 0.5709269662921348 0.8341884328358209 0.05898876404494382 0.11054104477611941
9 0.43504213483146065 0.8736007462686567 0.14676966292134833 0.06809701492537314
1 0.7356039325842697 0.8882929104477612 0.1580056179775281 0.09188432835820895
20 0.7938904494382022 0.15625 0.11165730337078651 0.18190298507462688
11 0.40168539325842695 0.21525186567164178 0.08567415730337079 0.06669776119402986
23 0.589185393258427 0.21525186567164178 0.15730337078651685 0.05457089552238806
27 0.7485955056179775 0.41651119402985076 0.12780898876404495 0.1333955223880597
29 0.4297752808988764 0.44449626865671643 0.13904494382022473 0.05317164179104478
21 0.5832162921348315 0.44986007462686567 0.15519662921348315 0.08255597014925373