11 0.5143960674157303 0.5883861940298507 0.07373595505617977 0.06296641791044776
29 0.6857443820224719 0.5916511194029851 0.14536516853932585 0.0732276119402985
23 0.5284410112359551 0.8589085820895522 0.18328651685393257 0.07602611940298508
1 0.38728932584269665 0.886660447761194 0.17485955056179775 0.0914179104477612
16 0.7387640449438202 0.8882929104477612 0.22331460674157302 0.10401119402985075
4 0.5639044943820225 0.9202425373134329 0.1404494382022472 0.0914179104477612
21 0.5214185393258427 0.20382462686567165 0.17064606741573032 0.07276119402985075
19 0.8072331460674157 0.22084888059701493 0.13132022471910113 0.045242537313432835
10 0.3851825842696629 0.2392723880597015 0.11306179775280899 0.013059701492537313
22 0.4297752808988764 0.43470149253731344 0.1404494382022472 0.10634328358208955
6 0.742626404494382 0.45265858208955223 0.2521067415730337 0.057369402985074626