22 0.7510533707865169 0.582089552238806 0.13553370786516855 0.09514925373134328
26 0.41151685393258425 0.5981809701492538 0.12359550561797752 0.07416044776119403
9 0.5737359550561798 0.6068097014925373 0.18117977528089887 0.05970149253731343
8 0.4469803370786517 0.8551772388059702 0.21839887640449437 0.09468283582089553
2 0.7556179775280899 0.878731343283582 0.15589887640449437 0.07835820895522388
0 0.7584269662921348 0.21595149253731344 0.175561797752809 0.05690298507462686
3 0.5867275280898876 0.2294776119402985 0.11587078651685394 0.026119402985074626
20 0.7794943820224719 0.39972014925373134 0.10252808988764045 0.14458955223880596
20 0.382373595505618 0.4097481343283582 0.09480337078651685 0.16557835820895522
13 0.4434691011235955 0.4281716417910448 0.10603932584269662 0.11007462686567164
11 0.6049859550561798 0.44216417910447764 0.06530898876404495 0.05783582089552239
12 0.7461376404494382 0.4519589552238806 0.10884831460674158 0.049440298507462684
6 0.5519662921348315 0.46222014925373134 0.20926966292134833 0.0457089552238806