0 0.4476825842696629 0.5718283582089553 0.08216292134831461 0.06529850746268656
0 0.6878511235955056 0.5813899253731343 0.08497191011235955 0.06576492537313433
0 0.5488061797752809 0.5867537313432836 0.08497191011235955 0.06436567164179105
21 0.7134831460674157 0.8435167910447762 0.15168539325842698 0.08815298507462686
27 0.43433988764044945 0.8572761194029851 0.11165730337078651 0.14365671641791045
18 0.8430477528089888 0.18983208955223882 0.07514044943820225 0.10541044776119403
7 0.5200140449438202 0.2103544776119403 0.12429775280898876 0.0457089552238806
27 0.4490870786516854 0.4085820895522388 0.11306179775280899 0.12313432835820895
13 0.8149578651685393 0.42863805970149255 0.10603932584269662 0.1166044776119403
12 0.6604634831460674 0.45009328358208955 0.11165730337078651 0.051305970149253734
11 0.4575140449438202 0.4566231343283582 0.07935393258426966 0.06436567164179105