8 0.7247191011235955 0.5883861940298507 0.21348314606741572 0.09188432835820895
5 0.3862359550561798 0.590018656716418 0.16573033707865167 0.08861940298507463
23 0.5456460674157303 0.6009794776119403 0.16713483146067415 0.09001865671641791
20 0.6018258426966292 0.8274253731343284 0.09269662921348315 0.16417910447761194
20 0.5101825842696629 0.828125 0.10323033707865169 0.1609141791044776
13 0.3883426966292135 0.863106343283582 0.12359550561797752 0.15065298507462688
0 0.7433286516853933 0.8654384328358209 0.17345505617977527 0.10494402985074627
27 0.34866573033707865 0.1756063432835821 0.10182584269662921 0.1310634328358209
7 0.7201544943820225 0.208955223880597 0.09058988764044944 0.04197761194029851
6 0.5063202247191011 0.22131529850746268 0.22612359550561797 0.05363805970149254
28 0.6811797752808989 0.44449626865671643 0.05898876404494382 0.04664179104477612
28 0.7917837078651685 0.44799440298507465 0.11587078651685394 0.08069029850746269
26 0.3862359550561798 0.4528917910447761 0.13623595505617977 0.08022388059701492
15 0.5733848314606742 0.4612873134328358 0.261938202247191 0.06436567164179105