7 0.5452949438202247 0.5965485074626866 0.12008426966292135 0.06809701492537314
4 0.7507022471910112 0.6049440298507462 0.15589887640449437 0.07649253731343283
6 0.36271067415730335 0.6126399253731343 0.13974719101123595 0.060167910447761194
28 0.7471910112359551 0.8768656716417911 0.19662921348314608 0.12126865671641791
23 0.5832162921348315 0.894356343283582 0.13974719101123595 0.08442164179104478
0 0.41853932584269665 0.8966884328358209 0.20646067415730338 0.09841417910447761
20 0.7844101123595506 0.1709421641791045 0.11657303370786516 0.14598880597014927
5 0.5021067415730337 0.20522388059701493 0.16853932584269662 0.07742537313432836
3 0.36797752808988765 0.2199160447761194 0.12780898876404495 0.039645522388059705
27 0.39009831460674155 0.40951492537313433 0.11165730337078651 0.1296641791044776
25 0.5870786516853933 0.41861007462686567 0.2808988764044944 0.10494402985074627
16 0.7482443820224719 0.4610541044776119 0.28581460674157305 0.04710820895522388