13 0.6306179775280899 0.5638992537313433 0.125 0.11007462686567164
15 0.785814606741573 0.5993470149253731 0.175561797752809 0.08861940298507463
9 0.47331460674157305 0.6086753731343284 0.15308988764044945 0.04757462686567164
5 0.42310393258426965 0.863339552238806 0.15660112359550563 0.10541044776119403
8 0.5986657303370787 0.8689365671641791 0.17626404494382023 0.09514925373134328
28 0.8033707865168539 0.8959888059701493 0.17275280898876405 0.09048507462686567
20 0.4101123595505618 0.16301305970149255 0.09831460674157304 0.13292910447761194
26 0.8360252808988764 0.2140858208955224 0.13412921348314608 0.06063432835820896
12 0.4006320224719101 0.21548507462686567 0.11165730337078651 0.04664179104477612
4 0.7085674157303371 0.21851679104477612 0.1348314606741573 0.04897388059701493
24 0.5667134831460674 0.22807835820895522 0.14606741573033707 0.028917910447761194
0 0.8223314606741573 0.44846082089552236 0.12219101123595505 0.07882462686567164
7 0.4490870786516854 0.45149253731343286 0.12429775280898876 0.05970149253731343
16 0.6471207865168539 0.45988805970149255 0.16924157303370788 0.05037313432835821