22 0.3711376404494382 0.5839552238805971 0.14396067415730338 0.10634328358208955
11 0.5372191011235955 0.6005130597014925 0.07584269662921349 0.06110074626865672
15 0.7243679775280899 0.6009794776119403 0.24648876404494383 0.10121268656716417
21 0.5786516853932584 0.8493470149253731 0.19101123595505617 0.08861940298507463
0 0.7327949438202247 0.8705690298507462 0.1720505617977528 0.10401119402985075
23 0.4058988764044944 0.8747667910447762 0.1446629213483146 0.09934701492537314
1 0.5632022471910112 0.9183768656716418 0.2247191011235955 0.07369402985074627
6 0.3865870786516854 0.22084888059701493 0.2169943820224719 0.06389925373134328
3 0.5761938202247191 0.22201492537313433 0.136938202247191 0.04011194029850746
26 0.3648174157303371 0.454990671641791 0.13834269662921347 0.08162313432835822
29 0.5656601123595506 0.45615671641791045 0.2169943820224719 0.07555970149253731
19 0.7503511235955056 0.46338619402985076 0.18469101123595505 0.05177238805970149