28 0.41151685393258425 0.5984141791044776 0.13904494382022473 0.09981343283582089
9 0.754564606741573 0.6124067164179104 0.14115168539325842 0.07182835820895522
5 0.6186797752808989 0.8722014925373134 0.1601123595505618 0.11194029850746269
12 0.8107443820224719 0.8745335820895522 0.11306179775280899 0.06996268656716417
21 0.44803370786516855 0.8784981343283582 0.1502808988764045 0.08722014925373134
8 0.5832162921348315 0.21058768656716417 0.21137640449438203 0.0732276119402985
26 0.39396067415730335 0.21128731343283583 0.13623595505617977 0.07462686567164178
3 0.8033707865168539 0.228544776119403 0.1601123595505618 0.03451492537313433
13 0.7008426966292135 0.42677238805970147 0.09410112359550561 0.11380597014925373
15 0.8307584269662921 0.43213619402985076 0.15730337078651685 0.12453358208955224
23 0.4044943820224719 0.45009328358208955 0.13904494382022473 0.06996268656716417
6 0.579002808988764 0.4594216417910448 0.1271067415730337 0.06063432835820896