8 0.43609550561797755 0.5904850746268657 0.19101123595505617 0.07835820895522388
9 0.7872191011235955 0.6063432835820896 0.16573033707865167 0.049440298507462684
15 0.6478230337078652 0.8353544776119403 0.18469101123595505 0.10727611940298508
13 0.5038623595505618 0.8638059701492538 0.12991573033707865 0.12686567164179105
4 0.39115168539325845 0.8843283582089553 0.14185393258426968 0.08675373134328358
19 0.7717696629213483 0.9053171641791045 0.0898876404494382 0.07555970149253731
19 0.6099016853932584 0.9095149253731343 0.06811797752808989 0.04477611940298507
23 0.5368679775280899 0.21175373134328357 0.1931179775280899 0.05783582089552239
12 0.37991573033707865 0.21548507462686567 0.1151685393258427 0.04664179104477612
24 0.7917837078651685 0.22761194029850745 0.17485955056179775 0.033582089552238806
20 0.7370084269662921 0.39715485074626866 0.10323033707865169 0.14972014925373134
22 0.793188202247191 0.43796641791044777 0.15379213483146068 0.09421641791044776
29 0.5969101123595506 0.44449626865671643 0.15308988764044945 0.06623134328358209
16 0.430126404494382 0.4556902985074627 0.19592696629213482 0.049440298507462684