13 0.3416432584269663 0.5834888059701493 0.11165730337078651 0.1166044776119403
29 0.7271769662921348 0.5895522388059702 0.1425561797752809 0.08115671641791045
21 0.4652387640449438 0.5928171641791045 0.1327247191011236 0.0914179104477612
5 0.6875 0.8246268656716418 0.1502808988764045 0.08861940298507463
2 0.38202247191011235 0.886660447761194 0.18820224719101122 0.09328358208955224
6 0.7643960674157303 0.9006529850746269 0.1973314606741573 0.10727611940298508
25 0.5488061797752809 0.9036847014925373 0.26474719101123595 0.14225746268656717
27 0.5926966292134831 0.18446828358208955 0.11797752808988764 0.12173507462686567
8 0.7507022471910112 0.20592350746268656 0.20926966292134833 0.07602611940298508
7 0.3862359550561798 0.2068563432835821 0.1502808988764045 0.05923507462686567
18 0.3514747191011236 0.42140858208955223 0.05407303370786517 0.09841417910447761
28 0.5410814606741573 0.4496268656716418 0.2127808988764045 0.07649253731343283
16 0.7587780898876404 0.46431902985074625 0.2226123595505618 0.05923507462686567
24 0.3395365168539326 0.46571828358208955 0.11587078651685394 0.03404850746268657