8 0.7521067415730337 0.6033115671641791 0.20786516853932585 0.09188432835820895
29 0.5600421348314607 0.605410447761194 0.16081460674157302 0.09328358208955224
3 0.3711376404494382 0.6205690298507462 0.12429775280898876 0.04151119402985075
25 0.785814606741573 0.8505130597014925 0.15870786516853932 0.2224813432835821
21 0.6615168539325843 0.8649720149253731 0.15168539325842698 0.09468283582089553
17 0.40941011235955055 0.9085820895522388 0.1797752808988764 0.07929104477611941
7 0.5811095505617978 0.21058768656716417 0.08356741573033707 0.049906716417910446
14 0.7131320224719101 0.2150186567164179 0.10463483146067416 0.04477611940298507
19 0.8058286516853933 0.2236473880597015 0.1271067415730337 0.04337686567164179
18 0.7422752808988764 0.41068097014925375 0.06179775280898876 0.0732276119402985
5 0.3967696629213483 0.4274720149253731 0.18679775280898878 0.07229477611940298
15 0.7798455056179775 0.44636194029850745 0.19030898876404495 0.0914179104477612
6 0.6183286516853933 0.457089552238806 0.18890449438202248 0.06063432835820896
28 0.3964185393258427 0.46012126865671643 0.2563202247191011 0.08162313432835822