6 0.5498595505617978 0.4664179104477612 0.199438202247191 0.06529850746268656
7 0.5941011235955056 0.59375 0.10955056179775281 0.058768656716417914
26 0.4066011235955056 0.5998134328358209 0.125 0.07182835820895522
10 0.7731741573033708 0.617070895522388 0.16432584269662923 0.055970149253731345
8 0.4547050561797753 0.8528451492537313 0.23946629213483145 0.08255597014925373
2 0.7552668539325843 0.8805970149253731 0.1622191011235955 0.08861940298507463
0 0.7598314606741573 0.21688432835820895 0.1699438202247191 0.054104477611940295
19 0.4122191011235955 0.22294776119402984 0.1601123595505618 0.048507462686567165
3 0.5846207865168539 0.2306436567164179 0.10603932584269662 0.03591417910447761
20 0.7847612359550562 0.3985541044776119 0.0976123595505618 0.14412313432835822
20 0.3809691011235955 0.40951492537313433 0.09620786516853932 0.16977611940298507
13 0.46032303370786515 0.4204757462686567 0.06811797752808989 0.10121268656716417
11 0.6127106741573034 0.43843283582089554 0.07654494382022473 0.04011194029850746
12 0.7556179775280899 0.45755597014925375 0.1151685393258427 0.048507462686567165