0 0.4375 0.5932835820895522 0.09550561797752809 0.06063432835820896
12 0.5997191011235955 0.5986473880597015 0.10393258426966293 0.049906716417910446
3 0.7658005617977528 0.609375 0.14115168539325842 0.049906716417910446
23 0.4747191011235955 0.8605410447761194 0.13904494382022473 0.08582089552238806
25 0.8339185393258427 0.8680037313432836 0.15941011235955055 0.20708955223880596
13 0.8268960674157303 0.1863339552238806 0.0877808988764045 0.10867537313432836
7 0.660814606741573 0.20662313432835822 0.1502808988764045 0.04664179104477612
29 0.4827949438202247 0.21222014925373134 0.15519662921348315 0.06063432835820896
27 0.43469101123595505 0.40321828358208955 0.0997191011235955 0.11613805970149253
21 0.8009129213483146 0.4475279850746269 0.14115168539325842 0.06856343283582089
11 0.4592696629213483 0.4533582089552239 0.07584269662921349 0.06063432835820896