13 0.42134831460674155 0.5769589552238806 0.1348314606741573 0.11753731343283583
22 0.7749297752808989 0.5834888059701493 0.13132022471910113 0.09701492537313433
21 0.5856741573033708 0.590018656716418 0.14606741573033707 0.06623134328358209
20 0.4160814606741573 0.8372201492537313 0.11446629213483146 0.166044776119403
4 0.7482443820224719 0.8845615671641791 0.16924157303370788 0.09468283582089553
1 0.5853230337078652 0.8878264925373134 0.18047752808988765 0.0732276119402985
15 0.5811095505617978 0.21571828358208955 0.16081460674157302 0.05923507462686567
7 0.7661516853932584 0.21711753731343283 0.1502808988764045 0.05643656716417911
12 0.805126404494382 0.45778917910447764 0.12289325842696629 0.05550373134328358
9 0.4259129213483146 0.45802238805970147 0.1875 0.058768656716417914
26 0.6358848314606742 0.4591884328358209 0.1622191011235955 0.07136194029850747