22 0.5969101123595506 0.5904850746268657 0.13623595505617977 0.0960820895522388
11 0.4357443820224719 0.6007462686567164 0.08497191011235955 0.06716417910447761
14 0.3609550561797753 0.6182369402985075 0.10112359550561797 0.06576492537313433
13 0.37394662921348315 0.8747667910447762 0.11867977528089887 0.12733208955223882
1 0.7373595505617978 0.878964552238806 0.20365168539325842 0.10307835820895522
3 0.5400280898876404 0.8805970149253731 0.14325842696629212 0.06716417910447761
27 0.36235955056179775 0.1756063432835821 0.125 0.14319029850746268
0 0.7679073033707865 0.21175373134328357 0.18047752808988765 0.06436567164179105
24 0.6113061797752809 0.2297108208955224 0.13553370786516855 0.03031716417910448
26 0.36587078651685395 0.44822761194029853 0.14887640449438203 0.08861940298507463
29 0.773876404494382 0.44846082089552236 0.16432584269662923 0.07789179104477612
7 0.5919943820224719 0.4496268656716418 0.13623595505617977 0.061567164179104475