27 0.5438904494382022 0.5622667910447762 0.09901685393258428 0.13292910447761194
8 0.7117275280898876 0.5953824626865671 0.22963483146067415 0.09001865671641791
9 0.40519662921348315 0.5984141791044776 0.1601123595505618 0.043843283582089554
27 0.40098314606741575 0.8456156716417911 0.10252808988764045 0.13992537313432835
29 0.7033005617977528 0.8607742537313433 0.17064606741573032 0.07416044776119403
26 0.5544241573033708 0.871268656716418 0.12008426966292135 0.09514925373134328
0 0.6232443820224719 0.20965485074626866 0.19171348314606743 0.06856343283582089
15 0.41713483146067415 0.22061567164179105 0.19241573033707865 0.055970149253731345
19 0.7861657303370787 0.22224813432835822 0.13834269662921347 0.04057835820895522
4 0.5765449438202247 0.453125 0.1404494382022472 0.05363805970149254
16 0.3929073033707865 0.4605876865671642 0.17064606741573032 0.052705223880597014
6 0.7415730337078652 0.46175373134328357 0.1502808988764045 0.05317164179104478