22 0.7735252808988764 0.5921175373134329 0.15379213483146068 0.10867537313432836
26 0.39782303370786515 0.5972481343283582 0.1327247191011236 0.08069029850746269
21 0.5635533707865169 0.6035447761194029 0.15660112359550563 0.07182835820895522
4 0.4080056179775281 0.8649720149253731 0.16151685393258428 0.08348880597014925
9 0.776685393258427 0.8859608208955224 0.21067415730337077 0.10121268656716417
11 0.5951544943820225 0.8901585820895522 0.08216292134831461 0.07602611940298508
15 0.4508426966292135 0.21548507462686567 0.2851123595505618 0.06436567164179105
7 0.7696629213483146 0.21571828358208955 0.08848314606741572 0.0480410447761194
20 0.4125702247191011 0.3985541044776119 0.11867977528089887 0.16277985074626866
13 0.7851123595505618 0.41884328358208955 0.16713483146067415 0.13805970149253732
28 0.4164325842696629 0.45615671641791045 0.19101123595505617 0.06623134328358209
12 0.6148174157303371 0.45825559701492535 0.1172752808988764 0.0648320895522388