1 0.42521067415730335 0.5923507462686567 0.16502808988764045 0.09514925373134328
8 0.7503511235955056 0.6021455223880597 0.21137640449438203 0.09888059701492537
29 0.5596910112359551 0.6044776119402985 0.14887640449438203 0.08488805970149253
23 0.48560393258426965 0.8654384328358209 0.1425561797752809 0.07416044776119403
5 0.36025280898876405 0.902285447761194 0.17275280898876405 0.11707089552238806
25 0.37429775280898875 0.18936567164179105 0.2556179775280899 0.11287313432835822
14 0.6931179775280899 0.21711753731343283 0.11938202247191011 0.05457089552238806
19 0.7942415730337079 0.2234141791044776 0.12219101123595505 0.041044776119402986
24 0.5737359550561798 0.22877798507462688 0.12780898876404495 0.029384328358208957
18 0.35603932584269665 0.42350746268656714 0.06179775280898876 0.10261194029850747
26 0.5835674157303371 0.4386660447761194 0.1348314606741573 0.07602611940298508
0 0.7124297752808989 0.45359141791044777 0.16362359550561797 0.07136194029850747
7 0.40765449438202245 0.4542910447761194 0.12570224719101122 0.05690298507462686