13 0.5424859550561798 0.5734608208955224 0.14536516853932585 0.1357276119402985
5 0.3714887640449438 0.5979477611940298 0.17275280898876405 0.0960820895522388
6 0.7724719101123596 0.6180037313432836 0.17837078651685392 0.07929104477611941
20 0.7707162921348315 0.8409514925373134 0.0976123595505618 0.16791044776119404
22 0.6418539325842697 0.8614738805970149 0.13623595505617977 0.12126865671641791
1 0.5168539325842697 0.878731343283582 0.20646067415730338 0.11100746268656717
19 0.36587078651685395 0.8810634328358209 0.14747191011235955 0.08022388059701492
13 0.8125 0.19309701492537312 0.12078651685393259 0.11007462686567164
15 0.4157303370786517 0.21455223880597016 0.24719101123595505 0.06529850746268656
25 0.4238061797752809 0.44193097014925375 0.24367977528089887 0.08628731343283583
29 0.5740870786516854 0.45778917910447764 0.1818820224719101 0.06389925373134328
16 0.754564606741573 0.4650186567164179 0.19592696629213482 0.055970149253731345