3 0.7117275280898876 0.46828358208955223 0.12289325842696629 0.04197761194029851
13 0.41467696629213485 0.5641324626865671 0.15379213483146068 0.11800373134328358
8 0.7570224719101124 0.6028451492537313 0.20084269662921347 0.09561567164179105
6 0.5572331460674157 0.6121735074626866 0.22542134831460675 0.07695895522388059
1 0.7900280898876404 0.8754664179104478 0.175561797752809 0.11007462686567164
17 0.40344101123595505 0.90625 0.1818820224719101 0.07462686567164178
11 0.6334269662921348 0.9183768656716418 0.09691011235955056 0.08675373134328358
23 0.40941011235955055 0.20848880597014927 0.16573033707865167 0.054104477611940295
7 0.5856741573033708 0.21222014925373134 0.08146067415730338 0.051305970149253734
14 0.7166432584269663 0.22201492537313433 0.11587078651685394 0.058768656716417914
19 0.8030196629213483 0.2271455223880597 0.136938202247191 0.04477611940298507
25 0.4066011235955056 0.4088152985074627 0.2542134831460674 0.17117537313432835
29 0.5691713483146067 0.44449626865671643 0.14115168539325842 0.07929104477611941