21 0.3785112359550562 0.5911847014925373 0.21207865168539325 0.09468283582089553
29 0.6541432584269663 0.5953824626865671 0.1622191011235955 0.08722014925373134
24 0.5084269662921348 0.6177705223880597 0.13202247191011235 0.05457089552238806
22 0.28230337078651685 0.8703358208955224 0.11095505617977527 0.09981343283582089
16 0.682935393258427 0.871268656716418 0.17626404494382023 0.09794776119402986
3 0.45821629213483145 0.8759328358208955 0.14817415730337077 0.06063432835820896
13 0.6000702247191011 0.1730410447761194 0.15379213483146068 0.14458955223880596
18 0.43609550561797755 0.18936567164179105 0.06601123595505617 0.09981343283582089
26 0.2794943820224719 0.20265858208955223 0.1446629213483146 0.0853544776119403
7 0.663623595505618 0.4400652985074627 0.0800561797752809 0.05923507462686567
25 0.3261938202247191 0.45032649253731344 0.26615168539325845 0.09001865671641791