0 0.5853230337078652 0.5942164179104478 0.1875 0.09888059701492537
9 0.7759831460674157 0.6077425373134329 0.2205056179775281 0.07182835820895522
16 0.4044943820224719 0.6086753731343284 0.1952247191011236 0.0708955223880597
2 0.6344803370786517 0.8857276119402985 0.21418539325842698 0.10261194029850747
15 0.40695224719101125 0.8936567164179104 0.21839887640449437 0.12033582089552239
10 0.7833567415730337 0.898320895522388 0.12991573033707865 0.08208955223880597
23 0.7605337078651685 0.20638992537313433 0.21348314606741572 0.06856343283582089
26 0.3862359550561798 0.2091884328358209 0.1306179775280899 0.06389925373134328
7 0.5491573033707865 0.2126865671641791 0.14185393258426968 0.055970149253731345
8 0.7503511235955056 0.4386660447761194 0.1931179775280899 0.09468283582089553
4 0.4044943820224719 0.44659514925373134 0.16853932584269662 0.05550373134328358
12 0.5301966292134831 0.45219216417910446 0.13342696629213482 0.05083955223880597