13 0.4101123595505618 0.5562033582089553 0.15308988764044945 0.11800373134328358
8 0.7524578651685393 0.6044776119402985 0.1973314606741573 0.08955223880597014
21 0.3669241573033708 0.6068097014925373 0.1818820224719101 0.0960820895522388
6 0.5498595505617978 0.6138059701492538 0.2205056179775281 0.07835820895522388
1 0.7844101123595506 0.8763992537313433 0.17696629213483145 0.12406716417910447
17 0.413623595505618 0.9060167910447762 0.18398876404494383 0.09001865671641791
11 0.6334269662921348 0.9146455223880597 0.08286516853932584 0.07276119402985075
26 0.35990168539325845 0.20172574626865672 0.16081460674157302 0.08348880597014925
7 0.5888342696629213 0.21128731343283583 0.10603932584269662 0.051305970149253734
24 0.7752808988764045 0.23297574626865672 0.1348314606741573 0.024720149253731342
29 0.5417837078651685 0.44426305970149255 0.13132022471910113 0.07695895522388059
5 0.6464185393258427 0.4519589552238806 0.16502808988764045 0.08395522388059702
19 0.7580758426966292 0.4545242537313433 0.1622191011235955 0.0480410447761194
2 0.3771067415730337 0.46595149253731344 0.18820224719101122 0.055970149253731345