25 0.37043539325842695 0.5748600746268657 0.1818820224719101 0.1515858208955224
22 0.5228230337078652 0.5837220149253731 0.14396067415730338 0.10587686567164178
19 0.6969803370786517 0.6009794776119403 0.1523876404494382 0.0648320895522388
21 0.5491573033707865 0.847714552238806 0.1699438202247191 0.0853544776119403
13 0.6808286516853933 0.8654384328358209 0.14676966292134833 0.1553171641791045
14 0.7865168539325843 0.8833955223880597 0.10674157303370786 0.06343283582089553
2 0.4118679775280899 0.9109141791044776 0.21980337078651685 0.10914179104477612
27 0.3690308988764045 0.17747201492537312 0.1074438202247191 0.12733208955223882
26 0.7622893258426966 0.20872201492537312 0.13974719101123595 0.07229477611940298
15 0.5635533707865169 0.2138526119402985 0.29424157303370785 0.05457089552238806
3 0.7612359550561798 0.4608208955223881 0.1502808988764045 0.05037313432835821
17 0.5445926966292135 0.4650186567164179 0.22401685393258428 0.03544776119402985