27 0.7626404494382022 0.5671641791044776 0.13904494382022473 0.12779850746268656
13 0.3398876404494382 0.5832555970149254 0.1306179775280899 0.11333955223880597
7 0.5635533707865169 0.5946828358208955 0.0976123595505618 0.06529850746268656
20 0.6446629213483146 0.816464552238806 0.09410112359550561 0.1609141791044776
18 0.3283005617977528 0.8446828358208955 0.06811797752808989 0.10914179104477612
23 0.36587078651685395 0.9237406716417911 0.16292134831460675 0.1226679104477612
13 0.3374297752808989 0.17117537313432835 0.1678370786516854 0.13805970149253732
29 0.7373595505617978 0.21455223880597016 0.199438202247191 0.06529850746268656
5 0.733497191011236 0.4493936567164179 0.15379213483146068 0.09001865671641791
26 0.5797050561797753 0.4496268656716418 0.1327247191011236 0.08208955223880597
19 0.3813202247191011 0.46408582089552236 0.22752808988764045 0.06063432835820896