25 0.40344101123595505 0.6058768656716418 0.27598314606741575 0.08488805970149253
15 0.7134831460674157 0.6126399253731343 0.22331460674157302 0.08255597014925373
27 0.7173455056179775 0.8274253731343284 0.11165730337078651 0.12220149253731344
27 0.34445224719101125 0.8442164179104478 0.11165730337078651 0.12406716417910447
16 0.4782303370786517 0.8889925373134329 0.1601123595505618 0.09981343283582089
17 0.7169943820224719 0.9209421641791045 0.2851123595505618 0.06296641791044776
5 0.7391151685393258 0.20708955223880596 0.17345505617977527 0.07369402985074627
0 0.35990168539325845 0.21665111940298507 0.1622191011235955 0.060167910447761194
11 0.7823033707865169 0.21735074626865672 0.08707865168539326 0.055970149253731345
6 0.5898876404494382 0.22621268656716417 0.15730337078651685 0.04197761194029851
8 0.36025280898876405 0.4468283582089552 0.1896067415730337 0.09235074626865672
29 0.5775983146067416 0.45475746268656714 0.1678370786516854 0.07462686567164178
3 0.6625702247191011 0.45802238805970147 0.04002808988764045 0.041044776119402986