22 0.5979634831460674 0.5862873134328358 0.13412921348314608 0.0914179104477612
14 0.7847612359550562 0.597481343283582 0.11587078651685394 0.05783582089552239
11 0.43047752808988765 0.6026119402985075 0.08707865168539326 0.06996268656716417
19 0.7780898876404494 0.8722014925373134 0.08707865168539326 0.05503731343283582
29 0.4041432584269663 0.8817630597014925 0.15379213483146068 0.10027985074626866
19 0.6875 0.8896921641791045 0.07162921348314606 0.057369402985074626
3 0.5765449438202247 0.8955223880597015 0.13623595505617977 0.07182835820895522
19 0.7584269662921348 0.9312033582089553 0.07303370786516854 0.042444029850746266
27 0.36446629213483145 0.1756063432835821 0.13904494382022473 0.14319029850746268
0 0.7696629213483146 0.2103544776119403 0.175561797752809 0.06529850746268656
24 0.6018258426966292 0.22527985074626866 0.1446629213483146 0.03264925373134328
1 0.754564606741573 0.44822761194029853 0.1580056179775281 0.06902985074626866
26 0.6081460674157303 0.45032649253731344 0.1699438202247191 0.08069029850746269
7 0.4311797752808989 0.457089552238806 0.14185393258426968 0.06063432835820896