7 0.5347612359550562 0.5949160447761194 0.12570224719101122 0.06669776119402986
20 0.37640449438202245 0.5972481343283582 0.09410112359550561 0.09281716417910447
12 0.7201544943820225 0.5979477611940298 0.13974719101123595 0.06343283582089553
5 0.7612359550561798 0.8624067164179104 0.16573033707865167 0.10727611940298508
2 0.5516151685393258 0.886893656716418 0.21137640449438203 0.1021455223880597
23 0.375 0.8894589552238806 0.13904494382022473 0.08208955223880597
29 0.5941011235955056 0.21222014925373134 0.14606741573033707 0.061567164179104475
3 0.4511938202247191 0.21898320895522388 0.16502808988764045 0.044309701492537316
6 0.7658005617977528 0.22178171641791045 0.1973314606741573 0.05083955223880597
27 0.6400983146067416 0.417910447761194 0.1172752808988764 0.13619402985074627
19 0.7608848314606742 0.45755597014925375 0.20014044943820225 0.0625