1 0.43258426966292135 0.5890858208955224 0.15589887640449437 0.09328358208955224
8 0.7471910112359551 0.6028451492537313 0.20084269662921347 0.09561567164179105
29 0.5617977528089888 0.6079757462686567 0.1502808988764045 0.0853544776119403
11 0.33848314606741575 0.6175373134328358 0.08567415730337079 0.06996268656716417
23 0.42310393258426965 0.8603078358208955 0.23103932584269662 0.057369402985074626
22 0.7478932584269663 0.8624067164179104 0.12921348314606743 0.1333955223880597
26 0.3728932584269663 0.9221082089552238 0.17696629213483145 0.11940298507462686
17 0.5972612359550562 0.9519589552238806 0.21418539325842698 0.08861940298507463
7 0.5407303370786517 0.20872201492537312 0.0800561797752809 0.05363805970149254
14 0.7018960674157303 0.2150186567164179 0.10463483146067416 0.051305970149253734
19 0.7942415730337079 0.22201492537313433 0.13202247191011235 0.03731343283582089
24 0.36446629213483145 0.22901119402985073 0.13764044943820225 0.03544776119402985
18 0.7447331460674157 0.4155783582089552 0.06671348314606741 0.07929104477611941
27 0.5509129213483146 0.41884328358208955 0.11306179775280899 0.1259328358208955
25 0.4199438202247191 0.4456623134328358 0.24859550561797752 0.09095149253731344
15 0.7735252808988764 0.44612873134328357 0.1973314606741573 0.08722014925373134
28 0.608497191011236 0.464785447761194 0.10463483146067416 0.05830223880597015