6 0.7787921348314607 0.470615671641791 0.2598314606741573 0.043843283582089554
9 0.6274578651685393 0.6002798507462687 0.17064606741573032 0.05223880597014925
4 0.3862359550561798 0.6103078358208955 0.1601123595505618 0.07042910447761194
3 0.788623595505618 0.617070895522388 0.1348314606741573 0.04197761194029851
27 0.6021769662921348 0.8274253731343284 0.1074438202247191 0.11940298507462686
16 0.47577247191011235 0.8801305970149254 0.19592696629213482 0.08488805970149253
2 0.733497191011236 0.8847947761194029 0.16362359550561797 0.08861940298507463
13 0.6144662921348315 0.19869402985074627 0.11938202247191011 0.09514925373134328
8 0.4160814606741573 0.2077891791044776 0.17907303370786518 0.07229477611940298
0 0.7798455056179775 0.21688432835820895 0.1720505617977528 0.05503731343283582
20 0.4041432584269663 0.402285447761194 0.09339887640449439 0.15438432835820895
11 0.7324438202247191 0.44263059701492535 0.06741573033707865 0.05317164179104478
12 0.5649578651685393 0.4556902985074627 0.10884831460674158 0.049440298507462684