1 0.7963483146067416 0.6012126865671642 0.14606741573033707 0.07835820895522388
24 0.4157303370786517 0.6077425373134329 0.13202247191011235 0.0457089552238806
9 0.620435393258427 0.6152052238805971 0.27036516853932585 0.054104477611940295
2 0.40554775280898875 0.8859608208955224 0.1776685393258427 0.10027985074626866
15 0.6091994382022472 0.9020522388059702 0.22120786516853932 0.11473880597014925
23 0.47787921348314605 0.21128731343283583 0.12148876404494383 0.06343283582089553
4 0.6158707865168539 0.21828358208955223 0.14747191011235955 0.05037313432835821
12 0.7970505617977528 0.21875 0.11657303370786516 0.043843283582089554
10 0.3441011235955056 0.234375 0.12078651685393259 0.018190298507462687
8 0.41502808988764045 0.44169776119402987 0.2612359550561798 0.0914179104477612
26 0.641502808988764 0.44263059701492535 0.16924157303370788 0.061567164179104475
6 0.7721207865168539 0.46361940298507465 0.24087078651685392 0.051305970149253734