10 0.5589887640449438 0.47551305970149255 0.18117977528089887 0.03125
5 0.6228932584269663 0.5914179104477612 0.17696629213483145 0.09514925373134328
29 0.7661516853932584 0.5946828358208955 0.12219101123595505 0.06063432835820896
11 0.44452247191011235 0.6047108208955224 0.08707865168539326 0.06856343283582089
27 0.8082865168539326 0.8302238805970149 0.09410112359550561 0.13712686567164178
13 0.37394662921348315 0.840018656716418 0.09199438202247191 0.12313432835820895
15 0.5259831460674157 0.8626399253731343 0.199438202247191 0.08069029850746269
6 0.711376404494382 0.8775652985074627 0.12921348314606743 0.09188432835820895
23 0.7998595505617978 0.2138526119402985 0.14325842696629212 0.05457089552238806
24 0.639747191011236 0.22621268656716417 0.1601123595505618 0.03917910447761194
20 0.4648876404494382 0.3987873134328358 0.08567415730337079 0.15671641791044777
22 0.7988061797752809 0.4377332089552239 0.14115168539325842 0.09188432835820895
12 0.4195926966292135 0.45219216417910446 0.09901685393258428 0.049906716417910446