25 0.36797752808988765 0.5687966417910447 0.18679775280898878 0.14598880597014927
22 0.5235252808988764 0.5809235074626866 0.1271067415730337 0.10867537313432836
19 0.6980337078651685 0.5993470149253731 0.1502808988764045 0.06716417910447761
21 0.5554775280898876 0.8467817164179104 0.1446629213483146 0.09748134328358209
13 0.6769662921348315 0.8614738805970149 0.12078651685393259 0.14738805970149255
14 0.7865168539325843 0.8845615671641791 0.10533707865168539 0.06669776119402986
17 0.4276685393258427 0.9361007462686567 0.24157303370786518 0.11194029850746269
27 0.36797752808988765 0.17957089552238806 0.11797752808988764 0.1417910447761194
26 0.7668539325842697 0.21105410447761194 0.15589887640449437 0.06203358208955224
15 0.5962078651685393 0.2126865671641791 0.33848314606741575 0.06529850746268656
29 0.5582865168539326 0.45032649253731344 0.17837078651685392 0.06296641791044776
3 0.7591292134831461 0.4603544776119403 0.1502808988764045 0.04664179104477612