21 0.40344101123595505 0.5949160447761194 0.14396067415730338 0.07695895522388059
28 0.7682584269662921 0.5958488805970149 0.17696629213483145 0.09095149253731344
7 0.5811095505617978 0.5970149253731343 0.13834269662921347 0.06343283582089553
25 0.7349016853932584 0.8143656716417911 0.21137640449438203 0.1623134328358209
4 0.3574438202247191 0.8638059701492538 0.12078651685393259 0.12220149253731344
2 0.5340589887640449 0.882929104477612 0.25491573033707865 0.10914179104477612
29 0.6379915730337079 0.20545708955223882 0.1523876404494382 0.07509328358208955
11 0.35639044943820225 0.21222014925373134 0.09480337078651685 0.06902985074626866
23 0.4799859550561798 0.21245335820895522 0.16081460674157302 0.06669776119402986
1 0.7707162921348315 0.22061567164179105 0.18328651685393257 0.05037313432835821
18 0.7938904494382022 0.433535447761194 0.06530898876404495 0.11520522388059702
12 0.6313202247191011 0.45592350746268656 0.15870786516853932 0.05083955223880597