17 0.32865168539325845 0.582089552238806 0.07303370786516854 0.14925373134328357
1 0.40554775280898875 0.5876865671641791 0.14115168539325842 0.0708955223880597
21 0.7798455056179775 0.5965485074626866 0.14115168539325842 0.09328358208955224
25 0.5793539325842697 0.5995802238805971 0.2907303370786517 0.11893656716417911
20 0.6731039325842697 0.8225279850746269 0.09199438202247191 0.1571828358208955
20 0.761938202247191 0.8236940298507462 0.08707865168539326 0.15951492537313433
15 0.4006320224719101 0.8656716417910447 0.22823033707865167 0.11194029850746269
24 0.567064606741573 0.8773320895522388 0.09901685393258428 0.06063432835820896
0 0.7447331460674157 0.890625 0.1973314606741573 0.09281716417910447
22 0.7921348314606742 0.19636194029850745 0.12921348314606743 0.09421641791044776
6 0.6485252808988764 0.22061567164179105 0.18328651685393257 0.04664179104477612
3 0.35287921348314605 0.22294776119402984 0.12570224719101122 0.04197761194029851
8 0.4143258426966292 0.45009328358208955 0.2851123595505618 0.07929104477611941
7 0.6857443820224719 0.45638992537313433 0.10603932584269662 0.05457089552238806