2 0.7844101123595506 0.46781716417910446 0.19241573033707865 0.05037313432835821
22 0.36832865168539325 0.5839552238805971 0.15098314606741572 0.10727611940298508
25 0.5273876404494382 0.597481343283582 0.2710674157303371 0.08768656716417911
15 0.7728230337078652 0.5998134328358209 0.2324438202247191 0.10167910447761194
21 0.5691713483146067 0.8521455223880597 0.1720505617977528 0.0914179104477612
0 0.7377106741573034 0.8654384328358209 0.16502808988764045 0.09561567164179105
23 0.4044943820224719 0.886660447761194 0.15589887640449437 0.1166044776119403
28 0.6260533707865169 0.9193097014925373 0.11306179775280899 0.08955223880597014
28 0.8026685393258427 0.9197761194029851 0.12219101123595505 0.08675373134328358
19 0.38026685393258425 0.22131529850746268 0.13412921348314608 0.037779850746268655
3 0.5779494382022472 0.2224813432835821 0.1404494382022472 0.03917910447761194
26 0.36271067415730335 0.45405783582089554 0.13834269662921347 0.07789179104477612
6 0.5639044943820225 0.4594216417910448 0.26264044943820225 0.055970149253731345