22 0.37570224719101125 0.5788246268656716 0.13764044943820225 0.10167910447761194
15 0.7552668539325843 0.5932835820895522 0.2169943820224719 0.08675373134328358
25 0.5228230337078652 0.5965485074626866 0.26615168539325845 0.0960820895522388
21 0.5786516853932584 0.8505130597014925 0.19803370786516855 0.09281716417910447
0 0.7419241573033708 0.8682369402985075 0.17626404494382023 0.09188432835820895
23 0.40870786516853935 0.8882929104477612 0.1699438202247191 0.10401119402985075
28 0.6253511235955056 0.9193097014925373 0.11867977528089887 0.08955223880597014
28 0.7988061797752809 0.9225746268656716 0.11867977528089887 0.08861940298507463
19 0.38167134831460675 0.22131529850746268 0.15098314606741572 0.045242537313432835
3 0.5786516853932584 0.22154850746268656 0.13623595505617977 0.048507462686567165
26 0.363061797752809 0.4505597014925373 0.1348314606741573 0.08395522388059702
7 0.545997191011236 0.4556902985074627 0.13974719101123595 0.055970149253731345
6 0.6495786516853933 0.45638992537313433 0.08146067415730338 0.0480410447761194