12 0.39360955056179775 0.6007462686567164 0.11165730337078651 0.06063432835820896
9 0.5625 0.601679104477612 0.1601123595505618 0.03731343283582089
16 0.754564606741573 0.6044776119402985 0.1818820224719101 0.049440298507462684
23 0.5277387640449438 0.8549440298507462 0.17485955056179775 0.06529850746268656
1 0.3985252808988764 0.886660447761194 0.15379213483146068 0.08208955223880597
4 0.5646067415730337 0.925606343283582 0.13202247191011235 0.09188432835820895
19 0.817064606741573 0.22224813432835822 0.12991573033707865 0.04337686567164179
6 0.6573033707865169 0.228544776119403 0.1896067415730337 0.03544776119402985
10 0.39396067415730335 0.23787313432835822 0.0898876404494382 0.01585820895522388
22 0.7320926966292135 0.43213619402985076 0.21839887640449437 0.09654850746268656
21 0.41292134831460675 0.4398320895522388 0.1502808988764045 0.08115671641791045