1 0.42521067415730335 0.5848880597014925 0.14676966292134833 0.08861940298507463
8 0.7521067415730337 0.6047108208955224 0.20084269662921347 0.09188432835820895
29 0.5600421348314607 0.605643656716418 0.1580056179775281 0.08722014925373134
11 0.33672752808988765 0.6205690298507462 0.07654494382022473 0.06669776119402986
23 0.6453651685393258 0.8649720149253731 0.14185393258426968 0.09468283582089553
22 0.7679073033707865 0.867304104477612 0.136938202247191 0.12733208955223882
26 0.5098314606741573 0.8708022388059702 0.14185393258426968 0.10074626865671642
2 0.3693820224719101 0.8971548507462687 0.15168539325842698 0.10121268656716417
7 0.574438202247191 0.2115205223880597 0.0800561797752809 0.049906716417910446
14 0.7124297752808989 0.21898320895522388 0.11165730337078651 0.052705223880597014
19 0.7942415730337079 0.2224813432835821 0.13202247191011235 0.03544776119402985
18 0.7447331460674157 0.4050839552238806 0.05688202247191011 0.0648320895522388
5 0.38202247191011235 0.4458955223880597 0.20224719101123595 0.09328358208955224
15 0.7784410112359551 0.449160447761194 0.18890449438202248 0.08861940298507463
6 0.6162219101123596 0.4605876865671642 0.19592696629213482 0.05830223880597015