22 0.7099719101123596 0.5750932835820896 0.1601123595505618 0.08395522388059702
2 0.37254213483146065 0.601679104477612 0.15519662921348315 0.043843283582089554
24 0.577247191011236 0.6296641791044776 0.16713483146067415 0.055970149253731345
29 0.398876404494382 0.8817630597014925 0.15730337078651685 0.09561567164179105
8 0.7405196629213483 0.8845615671641791 0.19592696629213482 0.11333955223880597
7 0.567064606741573 0.8850279850746269 0.10463483146067416 0.08628731343283583
5 0.7331460674157303 0.197294776119403 0.14887640449438203 0.07462686567164178
25 0.6021769662921348 0.20382462686567165 0.29424157303370785 0.08208955223880597
11 0.8117977528089888 0.21128731343283583 0.08707865168539326 0.06343283582089553
3 0.3648174157303371 0.22154850746268656 0.1622191011235955 0.04197761194029851
26 0.5 0.4386660447761194 0.14185393258426968 0.07602611940298508
21 0.35287921348314605 0.4454291044776119 0.12008426966292135 0.08582089552238806
15 0.730688202247191 0.46361940298507465 0.28441011235955055 0.06343283582089553